0.0033641733153340824,0.00010748774638780666,0.02795796531249806,0.9685703736257804
0.03264712557321337,0.9126847061432792,0.0376970157859428,0.01697115249756459
0.04804127867369354,0.10381456756560786,0.8064021761547706,0.041741977605928036
0.1556653547045482,0.6385365015774955,0.06310780443210347,0.1426903392858527
0.9871227693119662,7.801499277929993e-05,0.0007255212540338175,0.01207369444122088
0.08500116970082526,0.8300807938958772,0.04921110784645101,0.035706928556846665
0.6945213830605812,0.0001578082935743568,0.03801648076895629,0.2673043278768877
0.028656563505128508,0.8713582318362129,0.04972868102332024,0.05025652363533814
0.02488365101813478,0.8983318075541303,0.03223648123278541,0.04454806019494933
0.9692994529230393,0.0009359761231510137,0.0027875845688028252,0.026976986385006486
0.9535584639662443,0.002857750437825735,0.005084182366479239,0.03849960322945079
0.7675713237324521,0.01102093216219922,0.04264347755097139,0.17876426655437755
0.004339524408596453,0.05053390443152103,0.9151843555031329,0.02994221565674954
0.9111046360408557,0.004377853097076238,0.008869653678540819,0.07564785718352751
0.19247372182401049,0.6797560227647258,0.0484530907538559,0.0793171646574079
0.027987625586048562,0.9241389709236749,0.027057108138059383,0.020816295352216997
0.00683783487141353,0.00017157519981925588,0.005963003648839491,0.9870275862799274
0.025974643917799103,0.9280487920359584,0.023084296536774334,0.022892267509467976
0.2661187185391594,0.011880433913693466,0.6803169751084872,0.041683872438659994
0.9602657979396387,0.0009691001414354338,0.0032600622048403424,0.035505039714085945
0.03491841855185113,0.03963678556383105,0.8673986321454753,0.05804616373884243
0.02848036639108063,0.9230824857975081,0.028085304327601392,0.020351843483809924
0.019048358013332642,0.9175162445786198,0.028023383740961645,0.03541201366708557
0.5260808685919747,0.003496253780786998,0.4262975722826659,0.044125305344572145
0.0005987301112755585,0.0001665934269471455,0.9679721183810244,0.03126255808075281
0.7481173485421962,0.08131116796532338,0.03363277501890584,0.13693870847357464
0.047242136983533106,0.7672214961513163,0.16389492075782114,0.02164144610732968
8.377137917631129e-05,0.0001236588989338035,0.9736369309864069,0.026155638735482867
0.9689965059376818,0.0009617422061766171,0.0028287514981084135,0.027213000358032854
1.54487404629103e-05,1.5782669847609054e-05,0.002871548517970712,0.9970972200717189
0.025974643917799103,0.9280487920359584,0.023084296536774334,0.022892267509467976
0.8861482390504268,0.024183866068941202,0.015750305860237925,0.07391758902039373
0.968444156311049,0.0010098040911403132,0.0029041957329230456,0.027641843864888008
0.025974643917799103,0.9280487920359584,0.023084296536774334,0.022892267509467976
0.2819632976559338,0.08196621568779638,0.5227737664241118,0.11329672023215796
0.030736581896168024,0.8601428088619437,0.04711327808334898,0.06200733115853939
0.011262807974810355,0.0009107809850598566,0.09783689291356987,0.8899895181265597
0.9934198954176148,1.0745459452704375e-05,0.0002469600774468609,0.006322399045485833
0.025974643917799103,0.9280487920359584,0.023084296536774334,0.022892267509467976
0.031079635290685123,0.9135251704291419,0.037195354484669034,0.018199839795503887
0.029415939463204175,0.8975949163069179,0.05322277296171841,0.019766371268159375
0.05552215122329897,0.14406543963998025,0.7334870727921661,0.06692533634455439
0.0034345334591863673,0.010862709809519042,0.9429279830218582,0.04277477370943612
0.033733579559490204,0.9095592984641325,0.040484212624954045,0.016222909351423193
0.05072763668511392,0.8815711786663076,0.031051752014446266,0.03664943263413184
0.0021273921564270025,0.0002647149296017543,0.9441592723834824,0.053448620530488766
0.8971384528297708,0.01943480201358396,0.014059577318908884,0.06936716783773621
0.9444029335410955,0.004541940308080545,0.0065161698497421825,0.04453895630108187
0.07561313308500571,0.0213840154001531,0.8410410879704748,0.061961763544366395
0.8628049588057681,0.035574205555007996,0.019203198086438316,0.0824176375527855
0.03670252502919286,0.9001690842751628,0.048732684045384,0.014395706650260172
0.025974643917799103,0.9280487920359584,0.023084296536774334,0.022892267509467976
0.7773896746327132,0.08872138319050363,0.030137808808548928,0.10375113336823419
0.038305202977265536,0.8292731958626496,0.08145625512430306,0.050965346035781935
0.9905708747630851,3.121006473734321e-05,0.0004410265582239511,0.008956888613953745
0.025974643917799103,0.9280487920359584,0.023084296536774334,0.022892267509467976
0.9555623960155385,0.0025452177219728203,0.004777703722845782,0.03711468253964322
0.5202909522322806,0.018291255818438944,0.13084849190783343,0.3305693000414469
0.02688546651747124,0.926362177882308,0.024837049712851566,0.021915305887369372
0.012342361353488894,0.0024509672209354037,0.9379805529396992,0.047226118485876226
0.5075845850823324,0.031105091266180877,0.08426019973246208,0.3770501239190247
0.469043780099881,0.008264182655185569,0.09035281091916515,0.4323392263257683
0.9632652647859397,0.0015300884840372035,0.0036336276894266295,0.03157101904059638
0.03028751048765827,0.914702974439349,0.03614630650614341,0.018863208566849504
0.04222695310485175,0.8725087892170306,0.035620513813343656,0.049643743864773895
0.042156052790527976,0.879658349079642,0.06650699595252739,0.011678602177302445
0.964263612405308,0.0014198443282941269,0.00349014519335406,0.030826398073043895
0.032958288856178804,0.035011453027130934,0.8596564576953555,0.07237380042133476
0.0005863615263058337,0.04527737252506986,0.671989602928133,0.28214666302049146
0.03379569383340895,0.9093755565668683,0.040647217075238315,0.016181532524484232
0.03284606223924294,0.9121249744514629,0.03819838865842371,0.016830574650870588
0.025974643917799103,0.9280487920359584,0.023084296536774334,0.022892267509467976
0.9867290950500114,8.519532667731505e-05,0.0007610506398501528,0.012424658983461009
0.024880607310779096,0.8981091746285889,0.032296238716431884,0.04471397934420026
0.06662701627220778,0.12260949671793762,0.6994199653145926,0.1113435216952624
0.026915670259292486,0.01733141451785143,0.91822741837581,0.03752549684704619
0.42705632022510764,0.40601035146769776,0.05257552153608658,0.11435780677110803
0.03737896958772369,0.8107294180722334,0.0875955854425816,0.06429602689746133
0.01949688049491837,0.02488789657720041,0.909869629490009,0.04574559343787232
0.9660047518523264,0.001239029111918212,0.0032430526867023965,0.029513166349052756
0.09810497334331027,0.5574726009869245,0.07931983118049832,0.2651025944892667
0.05120954805319901,0.00515119374701454,0.45755401964128406,0.4860852385585021
0.19053915972597227,0.6527858771535646,0.08376353807251388,0.07291142504794913
0.03334590803985772,0.8684082109722836,0.08203320529092305,0.016212675696935894
0.03097819574649019,0.9171564950746833,0.03364611949615395,0.018219189682672353
0.047619971930676186,0.2023545541950295,0.7411663738282955,0.00885910004599879
3.0915365117258073e-07,6.047628238957079e-06,0.0019816269174320047,0.9980120163006776
0.7231353793546816,0.00811753917830432,0.01948636771475336,0.24926071375226047
0.9679755555482459,0.0010516822768912772,0.002968584021900525,0.028004178152962564
0.0273478507890934,0.9254533523196136,0.02575509101978093,0.021443705871512352
0.02598510847950821,0.9280302101641096,0.02310401860402897,0.022880662752353266
0.9404939347053854,0.004388082485457019,0.02919022395638735,0.025927758852770502
0.06906956087524793,0.0012647448558464709,0.9240940006103083,0.005571693658597678
0.0009870905041687197,0.0028926957050882584,0.0139837253737392,0.9821364884170034
0.8589666325062333,0.0006314205193169276,0.006767995208178195,0.13363395176627138
0.7879390742915412,0.08137152023040485,0.02892705297876538,0.10176235249928821
0.035222098541406066,0.905006370250474,0.044501567348503517,0.015269963859616379
0.03828782890529281,0.8946466819021504,0.05353454893670754,0.013530940255849219
0.025974643917799103,0.9280487920359584,0.023084296536774334,0.022892267509467976
0.9582153775344207,0.002162384435412187,0.004377038545524516,0.03524519948464249
0.025974643917799103,0.9280487920359584,0.023084296536774334,0.022892267509467976
0.025974643917799103,0.9280487920359584,0.023084296536774334,0.022892267509467976
0.029548987033891284,0.9206622200581385,0.03039228446473497,0.019396508443234924
0.9881911586139758,6.0530969583451265e-05,0.0006321161699745462,0.011116194246466593
0.9168262737172665,0.00027632031752674154,0.06233242686620167,0.020564979099005037
0.025974643917799103,0.9280487920359584,0.023084296536774334,0.022892267509467976
0.05793108721292496,0.6375219202973705,0.24702309765431435,0.05752389483539007
0.17340017921413622,0.03262271460051705,0.07843866721895781,0.715538438966389
0.41605723070071,0.22946422289877413,0.06867157562780195,0.285806970772714
0.980832608312224,0.0002473654705371931,0.0013569223458656835,0.017563103871373074
0.024162750461341122,0.9051324105786588,0.0305262420976364,0.04017859686236381
8.911518822453492e-05,2.893511734037912e-06,0.9988685608439637,0.001039430456078315
0.04916014703934989,0.8466412969554934,0.09518810331043147,0.009010452694725354
5.5412513757330106e-05,3.274964508466291e-07,0.9928204265973868,0.007123833392404922
0.0010436643688978482,0.0002611712100637124,0.007585365185154309,0.9911097992358846
0.027978679947482557,0.9241577985210956,0.02703864659409604,0.02082487493732585
0.030396174340169904,0.9140284846017376,0.03679679672103925,0.018778544337053324
0.025974643917799103,0.9280487920359584,0.023084296536774334,0.022892267509467976
0.0050178785283330075,0.002556171217702201,0.9693071092335944,0.023118841020370862
0.04325367177569738,0.8963067005013504,0.028564934478583468,0.031874693244368514
0.9934560046763582,1.0571026245720059e-05,0.0002447708319152,0.006288653465481317
0.944192920342605,0.004585486667199649,0.006549486220407038,0.04467210676978803
0.8188698119779023,0.06098508841797694,0.02515603981543106,0.09498905978868985
0.11481730095986516,0.0025647255163841107,0.7773350160367581,0.10528295748699235
0.001395124219966875,0.0005823485671306942,0.9837749466618172,0.01424758055108511
0.013923236484128404,0.01142228220619685,0.9634960483368473,0.0111584329728274
0.031259443716431266,0.9164311559126466,0.03430957055134619,0.01799982981957597
0.9601627518012023,0.001833604107967239,0.021500486879834056,0.016503157210996412
0.07841716003005339,0.03825654558640399,0.7867932881036681,0.09653300627987463
0.17965156460480305,0.06744153771206848,0.6817530481478344,0.07115384953529398
0.6537120021496784,0.03146305637578312,0.12872624647759884,0.1860986949969397
0.025974643917799103,0.9280487920359584,0.023084296536774334,0.022892267509467976
0.9671362247095556,0.0011292431555655028,0.0030847658739128155,0.028649766260965777
0.7987894839642542,0.07401464404336841,0.02764229531869635,0.0995535766736808
0.045186875164712086,0.07597540029008147,0.8454576148933816,0.033380109651825
0.07310037426233021,0.8472203423023453,0.03517042893060912,0.04450885450471532
0.01715609208370437,0.009724166470247327,0.9610429052255263,0.01207683622052166
0.5271472536757373,0.30371380612477467,0.0493931913338145,0.11974574886567327
0.06728932620478303,0.708010268059641,0.22042878492978976,0.004271620805786276
0.025974643917799103,0.9280487920359584,0.023084296536774334,0.022892267509467976
0.934064484379139,0.00026522487733353047,0.004852472277208905,0.06081781846631883
0.013030050431808127,0.0017404260168237076,0.9824199277415564,0.0028095958098114733
0.4181242032360283,0.4155332244209673,0.052734583624128466,0.11360798871887633
0.9357242522155973,0.006522031082084219,0.007903536771647391,0.04985017993067054
0.025974643917799103,0.9280487920359584,0.023084296536774334,0.022892267509467976
0.027515384992815438,0.923129405332165,0.027994488340829043,0.021360721334190435
0.025974643917799103,0.9280487920359584,0.023084296536774334,0.022892267509467976
0.8031571735171835,0.029372532001479164,0.023785077898423733,0.14368521658291347
0.9936165798475824,9.817897619906017e-06,0.00023512325266963817,0.006138479002128404
0.0007021903441936407,0.005238119488617108,0.01680532830194892,0.9772543618652407
0.5394818704268992,0.29167573123776686,0.04882734101591175,0.12001505731942225
0.3320417874950273,0.5106898858974392,0.05313285637577534,0.10413547023175791
0.0002965896532814589,0.04721648903610926,0.053382701617776925,0.8991042196928324
0.001494307402302071,0.08802522269807325,0.04854137491704426,0.8619390949825805
0.024967931127408985,0.9048487611335425,0.030446643427193817,0.03973666431185448
4.1397213769404186e-05,0.0008625948197123149,0.007008760966697007,0.9920872469998216
0.3238886781553501,0.26509873515415283,0.16685257773645853,0.2441600089540382
0.03694130271944271,0.048794275698419945,0.8587241913215274,0.05554023026060998
0.024635896888301295,0.904818744010886,0.04521060698267123,0.025334752118141183
0.025258650564932626,0.9022540109648801,0.031106597870444765,0.04138074059974225
0.9747638740165675,0.0010116315350394774,0.014913092710426245,0.0093114017379662
0.9347143553383698,0.0008089829795523,0.004022546141162911,0.060454115540915024
0.6757119292248233,0.16783590740795779,0.0400242364973334,0.11642792686988579
0.9106696904732845,0.014198480310344243,0.011929329844895854,0.06320249937147576
0.1664091773580808,0.03926879133852705,0.05354822766157536,0.7407738036418168
0.4474776161865866,0.03129918844195014,0.19738179198229566,0.3238414033891679
0.9889637419600328,4.9622105750144034e-05,0.0005674275633239042,0.010419208370893348
0.02530087945468432,0.8972951579687943,0.03757677332922056,0.0398271892473009
0.03264777302389565,0.139082426570596,0.14262093182565203,0.6856488685798563
0.9845248795569398,0.00013330431847700572,0.0009703956415914962,0.014371420482992062
0.041211389500011866,0.8835204295109924,0.06316714526472829,0.01210103572426725
0.7542113291556719,0.10550275536598036,0.03266930625013492,0.10761660922821267
0.0018520265332502973,0.0017158381500181302,0.9776237952320063,0.018808340084724998
0.174925236955633,0.16038223281428055,0.5023999981098305,0.16229253212025616
0.025974643917799103,0.9280487920359584,0.023084296536774334,0.022892267509467976
0.047034472017124226,0.8575197134083461,0.08570061864394814,0.009745195930581407
0.9882264749451641,4.171542524697629e-05,0.0005519873690086324,0.01117982226057999
0.025974643917799103,0.9280487920359584,0.023084296536774334,0.022892267509467976
0.00046206212386441445,0.0007496146540509859,0.007869206185134871,0.9909191170369497
0.8953289978782801,0.009881400978767621,0.011994973582489013,0.0827946275604632
0.03323272190288022,0.911020942321031,0.039184344936172115,0.01656199083991681
0.01358286217778816,0.0038448381852200135,0.961038440602259,0.021533859034732452
0.9166974213494784,0.01210068312736266,0.010966655157671196,0.060235240365487774
0.06403552677794393,0.5368798148690501,0.35548019771111067,0.043604460641895465
0.025974643917799103,0.9280487920359584,0.023084296536774334,0.022892267509467976
0.03522384367199842,0.9106197205916295,0.02624279266561314,0.02791364307075877
0.025974643917799103,0.9280487920359584,0.023084296536774334,0.022892267509467976
0.04988648007991796,0.008235067878705928,0.9352971146197985,0.006581337421578068
0.9079476958285836,0.015194545022334197,0.012361599218734446,0.06449615993034773
0.046224225317774134,0.08858698423041392,0.8401036554546197,0.025085134997192265
0.024344390573543026,0.8972518894414007,0.05264073837710395,0.025762981607952345
0.025974643917799103,0.9280487920359584,0.023084296536774334,0.022892267509467976
0.00013184594379348088,0.00013842300336004617,0.9712288329506669,0.028500898102179355
0.00822379635651116,0.0007700490251717492,0.987772388482908,0.0032337661354086256
0.7619534278726467,0.025856460192449388,0.025868525365109262,0.18632158656979436
0.04335292277813308,0.8745725991917177,0.070906693596837,0.011167784433312303
0.9927075130821948,6.362388263205183e-06,0.00021550263363607453,0.007070621895906284
0.0009086680432381371,0.002178819284574041,0.776962593474887,0.21994991919730084
0.06727902212804614,0.708126755590774,0.2203203351331145,0.00427388714806544
0.16010503999743686,0.026371264402891562,0.7521803764863124,0.06134331911335903
0.024967931127408985,0.9048487611335425,0.030446643427193817,0.03973666431185448
0.04693950064996487,0.8899327753398303,0.02953254513865204,0.0335951788715526
0.9681728239466016,0.0010339287971342906,0.002941435973054338,0.02785181128320983
0.08410854719862289,0.8316750139551767,0.042341274578927,0.04187516426727354
0.9084436859633197,0.015010833525609637,0.012282959307111823,0.06426252120395881
0.029744224715018634,0.010296158271613736,0.8719814268312795,0.08797819018208836
1.025417885244759e-06,0.0013602947905271378,0.012824943241756698,0.9858137365498308
0.059444850783000665,0.7807814374430265,0.15369188856733118,0.006081823206641609
0.0010046857977462418,0.02566927068754675,0.7301472956238709,0.24317874789083616
0.9544072852467856,0.002722908954952695,0.0049539914232015645,0.03791581437506
0.04414609875889777,0.8710812483453506,0.07392941629404438,0.01084323660170725
0.9946323967331305,5.857788955237081e-06,0.000177519695996946,0.005184225781917607
0.9274936404115995,0.008733326533668331,0.009229732124955484,0.0545433009297768
0.9298409987375688,0.0006590768049042145,0.003889163179457477,0.06561076127806949
0.9421514304348972,0.005020172119884561,0.006874148678497091,0.045954248766721224
0.020484844908444336,0.0010492888960313338,0.9575871305416666,0.02087873565385816
0.2144217975257005,0.0007836201324527275,0.7698867634736448,0.014907818868201535
0.10389089878595581,0.0005403972962884969,0.011368140434926642,0.8842005634828293
0.032601628884654524,0.9128119229894074,0.03758291282065616,0.017003535305282293
0.027150516344934452,0.9240202717474223,0.027102684522413725,0.021726527385229514
0.02489037005253993,0.9270452656096347,0.023727424834700327,0.02433693950312506
0.007395411043790756,0.2163560131834871,0.0717552617817864,0.7044933139909355
0.16748305461636737,0.3489291115032986,0.2851618127571692,0.1984260211231648
2.9472508909098417e-05,1.374458588668308e-07,0.08863947777450301,0.9113309122707293
0.8969687183885962,0.00016272281367350785,0.00287405662617423,0.09999450217155637
0.9962097298708354,2.0696816347369796e-06,0.00010075822592283094,0.003687442221606676
0.04406979738210203,0.7801806983119496,0.1645657426339293,0.011183761672019298
0.031857605488371785,0.0018319899096898406,0.9416278157210067,0.024682588880932253
0.025974643917799103,0.9280487920359584,0.023084296536774334,0.022892267509467976
0.030643154416128394,0.9180054578192801,0.03286578385387964,0.018485603910712137
0.03336123716907535,0.9106492889777713,0.03951542344276121,0.016474050410392245
0.922468415135826,0.010236685827074854,0.010039555293628816,0.0572553437434706
0.03312230363109618,0.9113383885517183,0.03890123460946311,0.016638073207722204
0.025974643917799103,0.9280487920359584,0.023084296536774334,0.022892267509467976
0.025974643917799103,0.9280487920359584,0.023084296536774334,0.022892267509467976
0.890563947412425,0.01873215873958561,0.014555160537652571,0.07614873331033681
0.03409018204817045,0.908497005033557,0.04142547649935769,0.0159873364189148
0.9523645688594492,0.0030535331219767627,0.005268170279986944,0.03931372773858696
0.1960767278726192,0.03255935878065167,0.7094260594613955,0.061937853885333655
0.0274964412492664,0.8500189427205175,0.051988776451999605,0.07049583957821656
0.06630133519065452,0.41641335422503784,0.4722186040600723,0.045066706524235285
0.051974710150355444,0.0012075744872446321,0.9243573504972054,0.022460364865194246
0.9328341705087713,0.001688332284476856,0.005276788307726032,0.06020070889902578
0.028229100544777605,0.3372651747159763,0.6046065029847368,0.02989922175450955
0.9634358257198185,0.0015109126951173791,0.003609025593201194,0.03144423599186262
0.025974643917799103,0.9280487920359584,0.023084296536774334,0.022892267509467976
0.05528673895499321,0.8758703471555516,0.03154045696504203,0.037302456924413085
0.0001951371236436732,0.0002030560544108285,0.8454210362424314,0.15418077057951393
0.029684438539140157,0.9203430323519686,0.030692326628275073,0.01928020248061617
0.7177738145445779,0.005452753069406026,0.017155118344947227,0.25961831404106883
0.04081090998833949,0.8044667261747016,0.08845778675391111,0.0662645770830478
0.008150285507096405,0.012173605214093159,0.8120835463580623,0.1675925629207481
0.040800760763038055,0.885158042791314,0.06175089158749814,0.012290304858150037
0.9115154911334967,0.004291590050518765,0.008409324396425435,0.0757835944195594
0.012094680083752375,0.003749585360037089,0.9645737210800139,0.01958201347619651
0.9459639214955893,0.004225139750378155,0.006269072678305293,0.043541866075726875
0.026746989907203422,0.9266275363233489,0.024565830783291154,0.022059642986156508
0.1445367173395876,0.002651641993416836,0.07551848780092724,0.7772931528660678
0.0070220647150464905,0.0011525421854726267,0.8054518121059334,0.18637358099354787
0.03245283856739888,0.9132259017434308,0.03721120870047039,0.017110050988700037
0.9867051797098756,8.564473609594007e-05,0.0007632278319067134,0.012445947722121865
0.0018117576056033975,0.00038281894362128587,0.9886546168202384,0.009150806630537203
0.026956340138891595,0.0012803477979193307,0.9689883729037558,0.0027749391594331803
0.9911122274497319,2.620773938688865e-05,0.0004010706563189167,0.008460494154562114
0.001775465325153008,0.0008922337740236146,0.014639697043490727,0.9826926038573323
0.2216807773857223,0.6194798003981967,0.054778029295207226,0.10406139292087388
0.8377620373637004,0.013995683772925671,0.01726533439833556,0.13097694446503844
0.9833418887962617,0.00016504417447508297,0.0010896067933541741,0.015403460235909059
0.040951677738715025,0.8970480476816697,0.04334663975151771,0.018653634828097773
0.025974643917799103,0.9280487920359584,0.023084296536774334,0.022892267509467976
0.15601782374797,0.18574344787896443,0.5663714068201754,0.09186732155289033
0.01604263059044781,0.0001927293747291842,0.9792825864972312,0.004482053537591638
0.7469780761851577,0.11090647710628863,0.03342413718752412,0.1086913095210294
0.9582250809289347,0.0021610486536201437,0.004375584706899364,0.0352382857105461
0.04008342145564549,0.9018823437602227,0.027686118622842457,0.03034811616128921
0.9272949189221847,0.008790608493549379,0.009261777540128803,0.05465269504413696
0.9107535998940383,0.01416824984801596,0.011915978276650824,0.0631621719812948
0.7425367543967347,1.9827783032938808e-05,0.013306709952940575,0.24413670786729205
0.8338122840736384,0.054280273287261066,0.07006647226945861,0.041840970369641885
0.24154632956518643,0.022489089644127856,0.607131115963623,0.1288334648270629
0.01921446246102285,0.9179160706796213,0.02787715146446912,0.03499231539488641
0.9678185013973742,0.0010659457263755068,0.0029902413281039588,0.02812531154814666
0.9840439384917337,0.00014568673386025624,0.0010183071813270946,0.014792067593079352
0.030961254205909748,0.9171998183976917,0.033606400686894314,0.018232526709504353
0.025974643917799103,0.9280487920359584,0.023084296536774334,0.022892267509467976
0.9713782967304194,0.0007703764096060343,0.002509338372790094,0.025341988487184507
0.9635687686845132,0.0014960639212786,0.0035898747554980897,0.031345292638710054
0.028485389233820154,0.9230715208900495,0.02809590013961829,0.02034718973651191
0.41387057124594234,0.42009092873522724,0.05280287660327469,0.11323562341555563
0.02767561953297664,0.9247881408332035,0.026417506926764894,0.021118732707054746
0.046891144243389554,0.7443823037558941,0.11460019750391257,0.09412635449680354
0.024967931127408985,0.9048487611335425,0.030446643427193817,0.03973666431185448
0.0676992624283155,0.44381037985230365,0.3578988007470468,0.13059155697233404
0.06455894871865653,0.3682713594314363,0.4730311743407769,0.0941385175091304
0.025974643917799103,0.9280487920359584,0.023084296536774334,0.022892267509467976
0.04519693989794204,0.8663037133583043,0.0780701517837177,0.010429194960035956
0.98394875491819,0.00014822121910790579,0.0010278801366912186,0.01487514372601056
0.5660336799055498,0.000558152929263709,0.009283505957930746,0.424124661207256
0.06683045102706893,0.0005241263032555345,0.9001064481893892,0.03253897448028602
0.05968066552279175,0.01188317907930114,0.8971781385618751,0.0312580168360323
0.014890540024528434,0.858491302493324,0.04213711353056211,0.08448104395158547
0.9508824464643904,0.0033065441152037136,0.005497890439022546,0.04031311898138307
0.11931168225660962,0.014004555798955149,0.03742984840615476,0.8292539135382804
0.409136206720025,0.0037121261213999028,0.021164750915253428,0.5659869162433216
0.05346504040423489,0.8220093413998786,0.11684917639517102,0.0076764418007155685
0.04635320687914916,0.8818256336166772,0.05586446591822873,0.015956693585944683
0.045431082229857964,0.756701939875524,0.1064740135832011,0.09139296431141684
0.12853210569458037,0.2386955316583578,0.08694880185828119,0.5458235607887805
0.04124532699701883,0.2891787353109723,0.2726642380584102,0.39691169963359885
0.0015370029028574101,2.085023644008118e-05,0.9361112911213096,0.06233085573939282
0.6585235783646309,0.01184717972190319,0.024705127911201587,0.3049241140022642
0.024967931127408985,0.9048487611335425,0.030446643427193817,0.03973666431185448
0.06888946603504056,0.2068274993395326,0.6734273129203705,0.05085572170505653
0.00041742330257320135,0.0035738093633083893,0.922419618860649,0.07358914847346955
0.06085089411667744,0.41685453225695235,0.42977512335014456,0.09251945027622581
0.038067387314181585,0.8954358835806854,0.05284962364299277,0.01364710546214022
0.8209830419669152,0.05966099595969485,0.02488600869924924,0.09446995337414067
0.9030885137411805,0.017045507086938718,0.013128815651249815,0.06673716352063094
0.0662090009973765,0.7198418655308515,0.20943912175630394,0.00451001171546827
0.6816839737213094,0.16283020557375064,0.03952700853396201,0.11595881217097789
0.028847054410964523,0.9222717286363595,0.028864961468862978,0.020016255483813084
0.0006137823081959142,0.00027313313030583074,0.05799876153351644,0.941114323027982
0.9662738984283706,0.0012123665566696601,0.003205231930168599,0.0293085030847913
0.04776055479481452,0.8538927451361804,0.08885889263624812,0.009487807432757062
0.9877219251311098,6.785719841629495e-05,0.0006725870625727403,0.011537630607901127
0.9727132651886999,0.000674161182571279,0.002334799683232259,0.02427777394549622
0.042327828005357726,0.89792566241757,0.02831297143925868,0.03143353813781369
0.025974643917799103,0.9280487920359584,0.023084296536774334,0.022892267509467976
0.029608746278483675,0.920521739835652,0.03052444562624339,0.019345068259621033
0.03158279050433651,0.887420075503135,0.06319751931316878,0.017799614679359577
0.025974643917799103,0.9280487920359584,0.023084296536774334,0.022892267509467976
0.9083952676570857,0.015028724166604484,0.012290638637771266,0.06428536953853846
0.9421912402339306,0.005011498753659959,0.006867804628190527,0.04592945638421894
0.07884373688263782,0.006976891134545976,0.8331419716820608,0.08103740030075514
0.002079783945601499,0.00039731337839891745,0.64795004827638,0.34957285439961905
0.9963910244670767,1.7869468240743604e-06,9.301337419807e-05,0.0035141752119006095
0.02812852413600725,0.9238407604524582,0.0273488503765221,0.02068186503501238
0.0556827117752163,0.04053469132536989,0.8226617392417602,0.08112085765765338
0.04134516927083477,0.2543335375036136,0.6721683325530841,0.03215296067246752
0.10226736630832839,0.5054013366848917,0.08326067153929073,0.3090706254674889
0.9426544361118755,0.00491115673938094,0.006794026470075976,0.04564038067866774
0.025974643917799103,0.9280487920359584,0.023084296536774334,0.022892267509467976
0.04666121303376668,0.5707336884728452,0.3629569402592745,0.019648158234113484
0.9588550498739782,0.002075328145204685,0.0042813903791978246,0.0347882316016188
0.03890364809879625,0.6799701737704904,0.06912352592475318,0.21200265220596004
0.028348640047924124,0.9233686428298046,0.02780825276511362,0.02047446435715777
0.053112702740970484,0.0018160640800321652,0.9401157950613963,0.004955438117600783
0.06422715467948259,0.7397853825165475,0.19103386806713168,0.004953594736838416
0.6739641760981434,0.081399535827067,0.07367661446322267,0.17095967361156686
0.43333308038823876,0.00048452574246006486,0.010900977498355021,0.5552814163709464
0.03545192990162679,0.9042755979743764,0.04514280351299327,0.015129668611003332
0.927218922117189,8.372619085525344e-05,0.007368263311260187,0.06532908838069598
0.025974643917799103,0.9280487920359584,0.023084296536774334,0.022892267509467976
0.037244185238737654,0.8860854355948553,0.03304582730355559,0.043624551862851114
0.03151804258471018,0.41775962590799065,0.5262018493256398,0.024520482181659534
0.9419343485208973,0.005067605184128454,0.006908751127846909,0.04608929516712744
0.009006073615346371,0.7488265003600809,0.057443191180087984,0.18472423484448455
5.078193697014867e-08,0.001555206414233965,0.005531977678898095,0.9929127651249317
0.02743154988514061,0.9252851269276889,0.025923323737293842,0.02135999944987695
0.024967931127408985,0.9048487611335425,0.030446643427193817,0.03973666431185448
0.031372933863159765,0.9161352006330015,0.034579472315885006,0.01791239318795385
0.025974643917799103,0.9280487920359584,0.023084296536774334,0.022892267509467976
0.582078549855783,0.2511037601853124,0.046582490363345976,0.12023519959555866
0.7805162348178739,0.08652346410241574,0.02978286553356379,0.10317743554614632
0.014708742779224775,0.9026466684483807,0.03256223170929251,0.05008235706310212
5.3650786727834955e-06,6.4821406113299416e-06,0.0008581591258013465,0.9991299936549146
0.0494116331269698,0.5587561347495896,0.08057664647794986,0.3112555856454906
0.0010815432048107167,0.00368266869201978,0.05009588223577167,0.9451399058673974
0.007109493448819622,0.001233228703078778,0.9837229560647818,0.007934321783320203
0.025974643917799103,0.9280487920359584,0.023084296536774334,0.022892267509467976
0.07546978423921127,0.3713966429679716,0.3986713275878455,0.15446224520497143
0.002427316313084632,0.00038178932541272617,0.059678181174059056,0.9375127131874436
0.6097208500670805,0.2256381008833136,0.04488237308956608,0.11975867596003979
0.0012354505502822574,1.473405542331331e-05,0.0020206509727456815,0.9967291644215488
0.9551733429857138,0.002604318822661879,0.004836962002394764,0.03738537618922924
0.033307448702463716,0.910805124976494,0.03937664912500684,0.016510777196035407
0.024967931127408985,0.9048487611335425,0.030446643427193817,0.03973666431185448
0.026508932466491043,0.857839719650468,0.0416555592640529,0.07399578861898813
0.8690145885467347,0.03238340658341124,0.018303942475225755,0.08029806239462858
0.011877977612983544,0.003983714223375342,0.9729985135638225,0.011139794599818204
0.422950231888143,0.4220227797124138,0.06949004804279982,0.08553694035664347
0.9429904341385515,0.007862708893726646,0.018035112699261484,0.031111744268460334
0.04501547023940541,0.02534631661547381,0.8694820959059194,0.0601561172392013
0.9775295346844428,0.00038970089213581817,0.0017357259902368266,0.020345038433184512
0.9012727501448775,0.0024316886614047413,0.00992413617413624,0.08637142501958103
0.1602412092372689,0.01982957416095406,0.6244427568518235,0.19548645974995374
0.02713039401589993,0.9258851115808278,0.025320954425719477,0.02166353997755275
0.784145913084957,0.0839924530313459,0.02936670391301624,0.10249492997068088
0.9191762701889131,0.011282359774693908,0.010568958102154202,0.058972411934238925
0.7971453722060903,0.0751157096916114,0.027839576637648966,0.09989934146464963
0.290638438694163,0.5587568419735406,0.05252228902136034,0.09808243031093605
0.01887968917758714,0.8650732108163429,0.040744715268599276,0.07530238473747064
0.985873253576051,0.00010224376274347899,0.0008402782832191524,0.013184224377986399
0.6820780488430913,0.16250130057263726,0.03949385138086403,0.11592679920340741
0.9724804702275085,0.0006903789422724293,0.0023649911861489807,0.024464159644070015
0.03326481923455734,0.06359989591341512,0.8967509285034183,0.006384356348609456
0.695250410809571,0.07418494700077012,0.03854613268581792,0.19201850950384097
0.07220057868659308,0.5816385275372323,0.21630676731957174,0.1298541264566027
0.03764530980080443,0.11003621919568748,0.8273721735604029,0.02494629744310509
0.068103473478279,0.8550973600209735,0.034227813471303666,0.04257135302944399
0.9684033776645404,0.0010134080800042633,0.0029097851019338704,0.02767342915352135
0.029820819568649588,0.92001886614363,0.030996176949355202,0.019164137338365007
0.06668652457182937,0.47807447809985987,0.32608205861305634,0.1291569387152545
0.025974643917799103,0.9280487920359584,0.023084296536774334,0.022892267509467976
0.026942408256858126,0.01229614605195808,0.9426344650085173,0.018126980682666476
0.032213190042523744,0.9138860124437339,0.03661718856548486,0.017283608948257662
0.025974643917799103,0.9280487920359584,0.023084296536774334,0.022892267509467976
0.01957200183353027,0.06470813712842546,0.9102060382640719,0.0055138227739725855
0.04911055578455252,0.7171271556130002,0.22261900877557547,0.011143279826871723
0.03325363803127882,0.9109606146263731,0.03923811362684907,0.016547633715499343
0.029591929430180474,0.9205613268208985,0.0304872201553616,0.01935952359355947
0.0301408745047186,0.9192471880687556,0.03171616493116573,0.018895772495360282
0.028763324505468153,0.8718084541169755,0.03998495189105425,0.05944326948650224
0.6948465443537142,0.15194036881569292,0.03839606586296548,0.11481702096762735
0.031209612193761206,0.005863793052297757,0.9416652902545133,0.021261304499427706
0.03824344590784984,0.18889886360402747,0.6771195333708584,0.09573815711726448
0.03570162832973241,0.8013570419976086,0.09610578476602474,0.06683554490663404
0.9779141819926787,0.0003710182719735939,0.0016901654659004317,0.020024634269447575
0.03018533451899851,0.05466469236744872,0.9105158806098909,0.004634092503662118
0.9156746100117569,0.0132408879245418,0.01201569209236273,0.059068809971338274
0.0009153485665168151,0.00010262295122678946,0.7181578033488952,0.2808242251333611
0.027507460508438,0.9251315788926878,0.026076448063619855,0.02128451253525428
0.025974643917799103,0.9280487920359584,0.023084296536774334,0.022892267509467976
2.9959058915173794e-05,0.00021498371309187323,0.9732963541212317,0.02645870310676096
0.9375676413533333,0.006070767230427217,0.007607417067557519,0.048754174348682046
0.007717263854778512,0.0014427213531432361,0.9815185611188392,0.009321453673239046
0.09563960086022817,0.4127980710194458,0.3380646037402827,0.15349772438004317
0.029707007322939568,0.9202895811803954,0.030742487460492508,0.0192609240361726
0.823837431685127,0.01309057547589909,0.017757227800187025,0.14531476503878676
0.00029588836948555555,0.0001275778987050298,0.9915285317111177,0.00804800202069156
0.029510689979569363,0.9013070820219015,0.0494993863117121,0.019682841686817113
0.024962391275002927,0.8470904721159456,0.04861422884467726,0.07933290776437427
0.7802751637233152,0.0030581355517057362,0.01229984167234788,0.2043668590526313
0.6277299885025566,0.20943125317251682,0.04366993298401141,0.1191688253409152
0.274707865912304,0.027114101700493165,0.5292332773353197,0.16894475505188344
0.02664364653354346,0.9268235021451752,0.02436453562590209,0.022168315695379106
0.7408872876214883,0.1155149147613643,0.03404709572827649,0.10955070188887102
0.9931725144341528,1.199163726151005e-05,0.0002621513145888524,0.006553342613997133
0.017881085914093927,0.6222941237250039,0.24963844832000176,0.11018634204090072
0.026406221710127204,0.9272669814311595,0.023905662524388974,0.022421134334324435
0.006362529727179717,0.7382860263560955,0.08880911428359929,0.1665423296331258
0.026114676066088246,0.9277985874187654,0.023349004904933746,0.022737731610212687
0.024058977750874396,0.9261467300632117,0.024248222640865128,0.025546069545048903
0.026833226061682296,0.8888970403344243,0.04463205345884816,0.03963768014504522
0.025974643917799103,0.9280487920359584,0.023084296536774334,0.022892267509467976
0.03604265644975139,0.9023632619085343,0.0468171580020251,0.014776923639689065
0.000168172399514643,0.0001691182668135337,0.9858874409191352,0.01377526841453699
0.03858139034978205,0.887409982340176,0.041373430526897716,0.03263519678314431
0.025974643917799103,0.9280487920359584,0.023084296536774334,0.022892267509467976
0.00014308539169195677,1.3899008660163592e-05,0.991689944869602,0.008153070730045247
0.8630463176817609,0.00508366564383611,0.014891063594167364,0.11697895308023568
0.8618104953849806,0.02978354445481796,0.018782957719843407,0.08962300244035816
0.05937863271072403,0.7040333436963726,0.12778022212450213,0.10880780146840119
0.007166842365499971,0.00013230429830514718,0.9889355146542174,0.0037653386819778444
4.3479319304494136e-06,8.95863283534552e-07,0.001858272011542525,0.9981364841932436
0.2706988336037886,0.1918251556424859,0.5211771584101561,0.01629885234356918
0.0028322383804169557,0.6632778568555958,0.06006413890210951,0.2738257658618777
0.9015527371636027,0.0022137679148368982,0.007148968835084725,0.0890845260864757
0.030096863900050185,0.896602201334665,0.041590486637949085,0.03171044812733565
0.8965622315652775,0.019673157705975615,0.014149167885853577,0.06961544284289331
