0.07456818583113398,8.212536541682597e-05,0.14286653492255874,0.7824831538808904
0.01182772280215113,0.9568613538797942,0.009826417204961841,0.021484506113092917
0.01857380689764939,0.03490414156939509,0.9029004235979556,0.0436216279349999
0.35233800980138574,0.22103905683357314,0.12314675167631522,0.30347618168872603
0.9981312480581951,3.730162093365791e-06,0.0006191104172245957,0.0012459113624868204
0.06601919592389854,0.8432705961755393,0.04628937967159178,0.044420828228970276
0.8260781256550166,4.158616535450203e-06,0.13587604805159895,0.03804166767684905
0.012826440229948576,0.947758463011754,0.01232444658566858,0.027090650172628912
0.010511846332199214,0.9426419075520296,0.011829173316302472,0.035017072799468925
0.9650716422377541,0.0022879529652890473,0.010165978699941574,0.022474426097015266
0.9841806555622257,0.0003848934265551532,0.0019911380288121132,0.013443312982407085
0.6973295754596294,0.010020593762395348,0.1291154102168815,0.16353442056109369
0.010224445679759839,0.011567147964416206,0.9557797124903961,0.022428693865427663
0.94351730290983,0.00017189645759643646,0.04954234451204853,0.006768456120524919
0.47673736713700654,0.44375449877648454,0.04598988516172932,0.03351824892477968
0.019549107009101778,0.9564624445893288,0.01163595238165725,0.012352496019912413
0.02799253829176388,0.0015201296715715807,0.029076010017014153,0.9414113220196504
0.03647460369883789,0.9037096493963657,0.02966280298966065,0.030152943915136052
0.027621087915625515,0.005754248337980376,0.9419272216129526,0.02469744213344127
0.958071311884815,0.0007223418491491578,0.016964235464752907,0.024242110801283037
0.01837180651401813,0.009249670412252413,0.9467624495543002,0.025616073519429013
0.01207023161082396,0.9653649581561811,0.007918174260104773,0.014646635972890317
0.006995434001592338,0.9448553242845047,0.0034612467422718333,0.04468799497163124
0.027646299103541144,0.007067000905421159,0.9384561936834592,0.026830506307578578
0.01896333332984447,0.000896223376425464,0.9700180751632871,0.010122368130442741
0.40959955539246096,0.004947130895050515,0.5092226854546901,0.07623062825779833
0.052407337649980144,0.3516978252035531,0.4744017400691968,0.12149309707726992
0.019021097386845487,6.086087284700583e-05,0.967125226023435,0.013792815716872419
0.7552870982870514,0.0023293601736906495,0.04899463221555896,0.1933889093236989
0.0018268164099626881,0.00010989626777753031,0.006786533530492009,0.9912767537917677
0.021252825424922375,0.9428747694847915,0.016653541503386608,0.01921886358689951
0.892645125573025,0.007738170363906304,0.01163479214340305,0.08798191191966548
0.9935529897292887,0.0032101799040514605,0.002319621239042198,0.000917209127617661
0.01421200536968308,0.9836257617889053,0.0009019127329792805,0.0012603201084323366
0.09330283535219434,0.07376433099188637,0.7278810846808003,0.10505174897511915
0.008520825166025045,0.9704881126812558,0.005715602555193032,0.015275459597526297
0.07529816106747479,0.0013080308965148428,0.0493783364338905,0.8740154716021199
0.9978587695464074,6.758968891922247e-07,0.0002787781490839769,0.0018617764076195678
0.004314195434448096,0.9619265905377092,0.004321123563025646,0.029438090464817046
0.02458456534777832,0.9221280813380465,0.02476626374207913,0.028521089572095995
0.012221843609520522,0.9516353789877197,0.011157456563330186,0.02498532083942968
0.1293208665705781,0.6123371066149425,0.1360199071336587,0.12232211968082089
0.02614220972235417,0.0025358642719906137,0.8202727226947554,0.1510492033109
0.03495615151222339,0.8320293019022517,0.06090243383077249,0.07211211275475238
0.03948346590887755,0.8961029563292636,0.031402047122799114,0.03301153063905948
0.05496414984788306,0.0002519746651054146,0.9059225079349523,0.03886136755205924
0.9788858350380967,0.002773740804467677,0.005322424451355333,0.01301799970608035
0.6801136220314079,0.009889282372686246,0.009670115454475154,0.30032698014143067
0.04265154343977362,0.01312254456372359,0.9038105966229294,0.040415315373573284
0.6138934486779501,0.3180990344682196,0.029366433518297853,0.03864108333553241
0.03154695956901122,0.8808532446613018,0.04285186551854963,0.044747930251137435
0.009406636891512441,0.9248861278179527,0.013604972740078991,0.052102262550455775
0.3615425428269612,0.5340489489908993,0.059000107114065226,0.04540840106807414
0.03726978442179293,0.8876740746088497,0.03714960175595024,0.03790653921340685
0.9958582193239803,6.541637511616327e-05,0.0022628152447861367,0.0018135490561173885
0.007754315165410175,0.9632776745332815,0.006578836445921632,0.022389173855386482
0.9638809592258395,0.0006519995405871239,0.013434293404622835,0.022032747828950358
0.5539861730158246,0.06748631019929478,0.1936631644583831,0.18486435232649734
0.022764932114068756,0.9369530877212233,0.019026354450115156,0.02125562571459302
0.08560421105730016,0.0011297927222381748,0.8721412071283243,0.04112478909213731
0.35049033271065483,0.011891724947283319,0.40682024514537046,0.23079769719669133
0.387583641423753,0.0029820071623180974,0.38026056668982205,0.22917378472410693
0.9775270409750707,0.002669286292757854,0.011639437823273448,0.008164234908898182
0.023925265494825085,0.9353782797765736,0.019807342612607196,0.02088911211599412
0.0321370917619886,0.8446803516300331,0.05320533844244808,0.06997721816553018
0.029813438618831917,0.8957836062970417,0.036356254016865416,0.03804670106726124
0.9931777321623207,0.002116681295023998,0.002802054168890779,0.0019035323737643364
0.011964643745109105,0.013733723898761067,0.9487976716541227,0.025503960702007493
0.05204475283402,0.06595850955065569,0.8001827369496457,0.08181400066567866
0.006031840513799885,0.9868531548695351,0.002057806919492993,0.00505719769717233
0.024801237695726945,0.9199558850616237,0.02560555126910527,0.02963732597354425
0.002642114216830795,0.9747277368991079,0.002112457565347229,0.020517691318714178
0.9959389182490141,0.00020450896652798495,0.0021400255135746193,0.0017165472708829202
0.0018861078560012874,0.9856093505071555,0.0007921292667471237,0.011712412370096632
0.21219656112353952,0.12699753669325095,0.5740879623763319,0.08671793980687757
0.12214960716968713,0.0036206889331794113,0.8260378187452212,0.04819188515191231
0.70030858718714,0.19128206710426301,0.06507948571438105,0.04332985999421614
0.05315039777000155,0.6022223130194116,0.2424484409536761,0.10217884825691065
0.01110235628518819,0.00666059015531031,0.963693549365146,0.018543504194355485
0.9979119709673269,0.00022399219843108532,0.0011772618883376265,0.0006867749459045376
0.08558581801355473,0.8705240860944361,0.006801042288103061,0.0370890536039063
0.060363959055113464,0.011519899277608287,0.1293269544727621,0.7987891871945161
0.1062086459824053,0.36661946469781154,0.13103185005855467,0.39614003926122854
0.03521692252670763,0.8422596237576904,0.060074896841624134,0.06244855687397802
0.24078355000469423,0.6143395377274727,0.08361508201278252,0.06126183025505039
0.040444343221113954,0.17199084231613637,0.684321631408718,0.10324318305403149
0.01774389391859954,0.0025350550403669785,0.03393850269330608,0.9457825483477275
0.7123253275897389,0.0028904325035962394,0.04677908183083848,0.23800515807582648
0.9995602485298454,2.194599629282737e-05,0.00030899538627241846,0.00010881008758899285
0.021374254099478907,0.9483868865935039,0.014689474096496687,0.01554938521052088
0.012174283986318217,0.9752424216953004,0.005237181693899739,0.007346112624481476
0.9459143764975629,0.000966892025199866,0.0421054374087844,0.011013294068452735
0.7131934478537536,6.484254428973575e-05,0.27452235189861385,0.012219357703342792
0.05561749421470516,0.005899408421953813,0.05149860684050123,0.8869844905228397
0.8552638418539577,4.351797622432071e-06,0.014598697754914559,0.13013310859350524
0.7102670038058184,0.14323054676950586,0.007791232037673621,0.138711217387002
0.007928812019640645,0.9730758002257112,0.005030652946869219,0.013964734807779032
0.007037139505158526,0.9891251284906616,0.0015042115089747951,0.0023335204952049785
0.032468929010909565,0.8861904953800059,0.0512047435762185,0.030135832032865996
0.9909265357915117,0.0049532185642141855,0.002886369505468329,0.0012338761388058378
0.02689895061663888,0.917270093373611,0.02722940978139606,0.028601546228354004
0.039893564323789765,0.9032274594801314,0.028372865771569045,0.02850611042450977
0.005196696966317799,0.9659862879954308,0.004613714713342238,0.02420330032490922
0.9982241208736033,0.0001025238201211318,0.0012817813697610216,0.00039157393651434355
0.489592096440121,1.327907737636151e-05,0.5048008614928995,0.005593762989603266
0.02570202449165044,0.9249766768215726,0.024035085453768014,0.02528621323300888
0.05326411043709569,0.6129450694504458,0.23665243971751987,0.09713838039493868
0.19869958925805886,0.006129084035519216,0.18599921412146106,0.609172112584961
0.4878694564364473,0.0839292623097264,0.09865147170070464,0.32954980955312185
0.9539574502406789,0.0013639655772454335,0.014909640625551914,0.029768943556523653
0.0400336316455392,0.8935843100861035,0.0330480075425759,0.03333405072578108
0.00023200034940483092,1.2119298096833915e-06,0.999638015753277,0.00012877196750845553
0.023753077159261254,0.9363248666267467,0.019428025261399286,0.02049403095259269
0.011695021209462454,7.403593282788901e-06,0.9862938892576782,0.0020036859395767626
0.022026961472067893,6.289516445244172e-05,0.010309215583004579,0.9676009277804751
0.003091819871930811,0.9520332775017483,0.00380880378571832,0.04106609884060263
0.03200739238554385,0.8765731654001908,0.04473333228464302,0.0466861099296221
0.005965098319551861,0.9511536170201359,0.006616473784903464,0.03626481087540887
0.00131885564125415,0.00027463251664642087,0.996146155478937,0.002260356363162509
0.04885394468419484,0.8385614683756127,0.06548963043359914,0.047094956506593184
0.9992188076777583,2.1560834193186245e-05,0.00048303507026891854,0.0002765964177800762
0.9908876438613954,0.0003682426567286199,0.004043486546181066,0.004700626935694798
0.6375203839359689,0.2537365603363449,0.06700193118068146,0.041741124547004765
0.14136258265391466,0.002808592722396738,0.6701497965091887,0.1856790281144998
0.050006804916000534,0.00013702688453563267,0.9378400724626663,0.012016095736797416
0.03219924766919074,0.003920509757286156,0.9414564790625649,0.02242376351095817
0.027092407604386755,0.899298836374982,0.03384823801672884,0.03976051800390224
0.8358312388696026,0.0005212663864182904,0.139672014633744,0.02397548011023494
0.011035841833564377,0.007753924838226439,0.9615436109921967,0.01966662233601254
0.021890934111309553,0.0411856036807778,0.8874128397102186,0.04951062249769394
0.5392978191027564,0.0010138754892104788,0.32572211368037907,0.13396619172765403
0.019239392483712873,0.9577395518987071,0.011163783828453453,0.011857271789126858
0.9866938936681637,0.0016654831849783316,0.003996952353398112,0.007643670793459947
0.6376151923420958,0.2778665432737827,0.05026217927576909,0.034256085108352076
0.21774084432223045,0.04392456485425606,0.6401694374049093,0.09816515341860423
0.026343617952308725,0.9485812713799954,0.012365961016093259,0.012709149651602554
0.014105937885386109,0.009186311292559323,0.9535970924760727,0.023110658345981933
0.926951131694892,0.06181482065769065,0.004163588088913013,0.00707045955850422
0.05477357156003452,0.8713844978922859,0.037377127330604,0.036464803217075736
0.057377022102870295,0.8644457350476282,0.039647612493569954,0.03852963035593135
0.8202095700371804,5.6188642242061926e-05,0.1356160954589233,0.04411814586165427
0.0043608071517783195,0.0017813259919456333,0.9862355890170889,0.007622277839187192
0.2429329765359255,0.711773401818914,0.025161090005679145,0.02013253163948131
0.9323153565986813,0.0010161162301186757,0.013405959949855323,0.05326256722134461
0.004523617437491263,0.9703011163308697,0.003724506692480901,0.021450759539158086
0.02606775987449558,0.922576673610981,0.025020496932449322,0.02633506958207439
0.03596631550089315,0.8501230918829513,0.07252444761245486,0.04138614500370047
0.8007236535443675,0.020267203433042308,0.0641254954380633,0.11488364758452663
0.9548528764935101,4.3823014897960676e-05,0.007416725790631735,0.03768657470096021
0.02591344825843501,0.00638446229989898,0.056408126875286,0.9112939625663801
0.6002831910570102,0.24439147331942976,0.08723896113282145,0.06808637449073861
0.2969195390046252,0.5156211560486522,0.08982850563538573,0.09763079931133697
0.004515154251935278,0.06080962668917975,0.017357425276381303,0.9173177937825036
0.02986259254508099,0.012558092538359218,0.05419454871344679,0.903384766203113
0.015298267770073646,0.853327082770594,0.031172656291739653,0.10020199316759254
0.008705957177683797,0.0021201077683548576,0.02563220200598034,0.9635417330479807
0.41615076706929943,0.1404031794081752,0.33617578935948356,0.10727026416304186
0.008395575671185769,0.0072908243928479595,0.9670264241827641,0.01728717575320224
0.050009832569451594,0.9031584713888207,0.023731860947013142,0.02309983509471455
0.01953084236930389,0.9500151615908351,0.013916400416139736,0.0165375956237213
0.9431862513079913,9.762907939108468e-06,0.05371451588565571,0.003089469898414104
0.909617553741408,0.0002572788938603786,0.027219261132688605,0.06290590623204288
0.7931661143569663,0.03533706694704905,0.05900855661799909,0.11248826207798579
0.901235976956197,0.0008675394294942511,0.009979730348994473,0.08791675326531445
0.4091492321252979,0.07363733661591573,0.08502279929925179,0.43219063195953455
0.35828399918463777,0.01686424681588876,0.39137895466530487,0.2334727993341688
0.9973217351487278,0.00025968148640776004,0.0004672398472599428,0.0019513435176044386
0.03161548610112707,0.8802251092265531,0.04312747790756937,0.0450319267647505
0.0656985600402227,0.2026850696185658,0.23725610222355,0.4943602681176616
0.9296452122884207,4.316654242105842e-05,0.011194638726607994,0.059116982442550266
0.031180531573609,0.8841608642917878,0.04140351901156668,0.04325508512303661
0.7878540761903599,0.06065902591029068,0.061737500770494114,0.0897493971288553
0.0040390325484281455,0.0019615752079872968,0.986303739714758,0.007695652528826217
0.12001461950733947,0.13047734635488908,0.22813272224690384,0.5213753118908674
0.019526455285659928,0.9565567355181387,0.011600982160150963,0.012315827036050428
0.03768379591242046,0.8088409210740999,0.07537278871356215,0.07810249429991774
0.9632518101922943,1.5562603741538786e-05,0.004345579432809491,0.03238704777115481
0.0026961148064365992,0.9864742777386593,0.001344358157227135,0.009485249297677351
0.035720961974169366,0.016813199759535553,0.07816947827387363,0.8692963599924215
0.8225975995685362,0.0032716794091878507,0.01710296935431465,0.1570277516679612
0.02029738552961292,0.9602292743129498,0.009498557938083716,0.009974782219353402
0.0022833871807353516,0.0007162185417953536,0.992886388650802,0.0041140056266671795
0.965765511424216,0.025768598329752875,0.004132270953215348,0.004333619292815675
0.05404594450673926,0.6496746353942835,0.1895556052259727,0.10672381487300467
0.1867981761164787,0.6654367529320687,0.07965749436172272,0.06810757658972981
0.003729597474058406,0.9396827479871432,0.005294451104739147,0.05129320343405894
0.010971598436750794,0.9609380713999918,0.004846212254204545,0.02324411790905284
0.017199174053075965,0.012854795955208633,0.9414427443743331,0.028503285617382374
0.9536553150806891,0.006628719425140106,0.015684162413235402,0.024031803080935388
0.24073867449713307,0.08842833640001087,0.5571374382536856,0.11369555084917046
0.018229014072698908,0.9416323731327532,0.01628433528733639,0.02385427750721151
0.015297195020488765,0.9234271327916921,0.010972122254718613,0.05030354993310041
0.03442079022112184,0.0008338984372112782,0.9389667316346494,0.025778579707017475
0.019180063511561034,8.606296021357208e-05,0.9767938355749811,0.003940037953244187
0.6359991942713569,0.006633711468980514,0.06230188343867053,0.295065210820992
0.021327017129175913,0.9486081999336015,0.014604371936343986,0.015460411000878657
0.9747613607000213,7.418081002979817e-06,0.009675270534851179,0.01555595068412444
0.08982268285450995,0.01326496934219489,0.5642976488464183,0.3326146989568767
0.038933113205996316,0.8145076842671929,0.07939830702745143,0.06716089549935933
0.12781923732557401,0.0036192038684388582,0.8326048822889248,0.035956676517062275
0.02265963427944395,0.8858535750471973,0.03513443125533529,0.056352359418023405
0.041522897739157565,0.8348468500785903,0.0405418240427108,0.08308842813954118
0.9136073352896145,0.002312094497362511,0.027155717828978156,0.05692485238404487
0.04638011414466982,0.8961955884290063,0.028890007898228938,0.02853428952809484
0.7715606971313592,0.08852216243389495,0.06797616721148099,0.07194097322326479
0.05356034733314674,0.0018451483345949052,0.7596052948005008,0.1849892095317576
0.04684064149615342,0.010578210447658635,0.4855966100723117,0.4569845379838761
0.051771399591096695,0.2941482527084292,0.5391592222785159,0.11492112542195808
0.028445653510184594,0.014202372316223781,0.5374751554271725,0.4198768187464192
0.9322907532546151,0.0014425437379478965,0.016038268801911715,0.05022843420552507
0.017475753860196216,0.96453098613246,0.008712001196052584,0.009281258811291205
0.9853325339289302,1.1105970583120525e-05,0.005506491819515383,0.009149868280971205
0.966729824295701,0.004358643098635027,0.016238489923457375,0.012673042682206632
0.8723680203408327,3.118205395699424e-05,0.013043440423281285,0.114557357181929
0.9881905853903199,0.003229484501881833,0.006025996077165287,0.00255393403063286
0.057931886223441746,0.00016618266612826896,0.9341053184324732,0.007796612677956681
0.006543084541782754,0.0011375256234175328,0.9848920710164083,0.007427318818391547
0.6508357871502252,0.00012243734743857553,0.03960929150702462,0.30943248399531165
0.023413103805582643,0.9381634850271525,0.018694097097091245,0.019729314070173743
0.009326555146475771,0.9535233180522226,0.009116012577207403,0.028034114224094478
0.03473888954454181,0.8443421371916907,0.06529844964615962,0.0556205236176077
0.019301189434400335,0.15753478512522312,0.037126337455360606,0.7860376879850159
0.3412417295975845,0.3690505939953966,0.10194527152944785,0.18776240487757112
0.0201424348574242,2.1187044366295603e-06,0.10792018270524026,0.8719352637328988
0.8741462672918804,5.3513263962823923e-05,0.007724455981671549,0.11807576346248534
0.9991391449816247,1.9374912034801972e-07,0.0003068030459074729,0.0005538582233478146
0.04798766841361515,0.5893999521494913,0.2831514742774591,0.07946090515943441
0.0367690872179561,0.008790665374688252,0.9218526275727151,0.03258761983464046
0.021790625692059137,0.946406615402701,0.015454173188035734,0.01634858571720417
0.025592737685317276,0.9256512108951755,0.023757847038638254,0.024998204380868607
0.005432347250030303,0.9521774446003038,0.006199543865155228,0.03619066428451066
0.9918235716018017,0.0014151121701994557,0.002513837642525281,0.004247478585473834
0.02451738504269096,0.9279861534418157,0.02264496750901441,0.024851494006478902
0.0019207952506051038,0.9775563644238711,0.0014664660084290476,0.019056374317094355
0.08786247234783547,0.7865080197576436,0.08408865055251775,0.04154085734200304
0.6766762885914432,0.021377851732835972,0.05971482777932582,0.2422310318963951
0.01942237459468571,0.9166178895221103,0.02404667570717042,0.039913060176033806
0.9952749081050947,0.0007938194975241532,0.0026576159627516014,0.0012736564346293373
0.07567605859703087,0.013020281449060896,0.861574851867556,0.04972880808635226
0.033339466069941065,0.8527798252741936,0.058036291558687426,0.05584441709717801
0.04183130215884632,0.17872532918445053,0.6895692569078361,0.08987411174886697
0.3354677032772505,0.0004140006031191505,0.6310689852322731,0.0330493108873573
0.8894781943658814,0.00030623805876434085,0.024149116048272225,0.08606645152708214
0.05015320879075405,0.3976106812745309,0.46355526609271147,0.08868084384200366
0.9631397992264985,0.005223946339260252,0.013744834782115842,0.017891419652125293
0.05935997560108183,0.9245511995379974,0.0064361866035354265,0.009652638257385406
0.037925748999012826,0.941163411521859,0.010559433031916322,0.010351406447211773
0.03273614189004452,0.00017491245288025196,0.793180451172741,0.1739084944843342
0.012380919769238934,0.9314142603498925,0.015389860730227519,0.04081495915064096
0.8551594154322351,0.002117914032080055,0.06704021611064655,0.07568245442503847
0.02431902839011176,0.8235405122272066,0.0763630427511668,0.0757774166315151
0.02263888886577064,0.01554569761436622,0.9277027776469479,0.034112635872915464
0.02551585823541391,0.9177965717096161,0.026613809304644437,0.030073760750325446
0.9039974892051799,0.0010816587784677797,0.028790611503884556,0.06613024051246767
0.019660043882711056,0.00041451116430430996,0.972411856389221,0.007513588563763609
0.9302103059569684,0.007403768499069405,0.02863685771028527,0.03374906783367667
0.028849381412899878,0.9033540956257606,0.03310756005168088,0.03468896290965833
0.1077330603835029,0.0054735201012210515,0.061899287104966345,0.8248941324103098
0.031113650556185188,0.001104848562423397,0.9081362381403076,0.05964526274108363
0.014976188880383573,0.9676660953223395,0.007654228571386941,0.009703487225890147
0.9950653903075142,8.69857274266554e-05,0.0023854261525221433,0.002462197812536797
0.013872199744101029,0.0009298961355428569,0.9760755541381683,0.009122349982187854
0.040198886439279324,0.000783171625372591,0.9462878917865567,0.012730050148791099
0.9878341005579909,9.533653560332332e-06,0.0013144547451587356,0.010841911043290084
0.15059827074777982,0.0004025620080353847,0.07503404117964185,0.773965126064543
0.34429392072684556,0.2870234491689783,0.04955113547045909,0.319131494633717
0.8384340305519344,0.010187831666113468,0.052402455023121526,0.09897568275883066
0.9934663301531944,0.00033604441340580495,0.0038344088771108836,0.0023632165562888227
0.022564499658195243,0.9425818879071695,0.01694665197661037,0.01790696045802477
0.04756444180690417,0.9254794529393985,0.013733814941044876,0.013222290312652539
0.4221730040746133,0.027669761349814,0.4626394654786298,0.08751776909694299
0.0016122950387688453,0.0005086834776777914,0.9937027507902635,0.004176270693290071
0.9787775137051599,0.007631663430498277,0.008846293072659887,0.004744529791682125
0.9849694420718729,0.001322917122825269,0.007005104011598015,0.006702536793703704
0.028069096346304355,0.94524897548779,0.00931848660350646,0.01736344156239933
0.9933662817670799,0.0006891792737857505,0.003683986419472325,0.0022605525396621486
0.9594434446102906,0.005554193584987531,0.019428581742765606,0.015573780061956415
0.6667245413844265,6.840205442509328e-06,0.027040031137429858,0.30622858727270114
0.3696224562681198,0.3933425558363298,0.13902229335081578,0.09801269454473453
0.13900498226706204,0.016846295166286048,0.7759176717915254,0.06823105077512655
0.020923769010887452,0.9015580027169268,0.02931574663095923,0.048202481641226556
0.9555560833753926,0.002156149899541294,0.007499689383298131,0.03478807734176801
0.9973491927884903,3.3223912426458206e-06,0.0007467827883181182,0.0019007020319487691
0.03234613805134939,0.873332489336912,0.04616314900289603,0.048158223608842705
0.034331288844456714,0.9446055871792804,0.009785679248434393,0.011277444727828606
0.9476279834534012,0.00010366090892757369,0.0034441460097886538,0.04882420962788266
0.9649062223714997,0.005191887171392001,0.015873397002237208,0.014028493454870889
0.01641259935391048,0.9585939403356578,0.010667908886056373,0.01432555142437529
0.49575416629121016,0.3784823099959579,0.0663418599219297,0.059421663790902336
0.03953579719491071,0.9056449950452573,0.02734566882698741,0.027473538932844366
0.07621200165351374,0.7682822908994469,0.0795587040154372,0.07594700343160232
0.012005195372666264,0.9583421585648534,0.00956803738334143,0.020084608679138912
0.06730943983073331,0.3534491972945434,0.4709554877333064,0.10828587514141678
0.05364573361745324,0.31818687145171765,0.550652273135799,0.07751512179502998
0.014502679172185368,0.943179642561048,0.012247626736052002,0.030070051530714483
0.051158905999584336,0.50602700580142,0.2925983792856562,0.15021570891333944
0.8683070278898485,0.0009755678798503414,0.030428613879594075,0.10028879035070702
0.2550569353589398,3.289561509850168e-05,0.025909859445235005,0.7190003095807268
0.3857098540841316,0.00020644043776893835,0.5113317453786324,0.10275196009946716
0.14896063329858072,0.003367787995363911,0.6753687807655625,0.17230279794049266
0.008572610518617992,0.933994688383324,0.011434486223735248,0.04599821487432279
0.9772517419171494,0.0002366288369121674,0.007372836150405293,0.015138793095532945
0.23844903525141217,0.005117290192082899,0.08789892105037451,0.6685347535061303
0.5887820594456582,0.0022320461540727764,0.05258153228881897,0.3564043621114501
0.04576596214317408,0.7127433711672773,0.14015588235588286,0.10133478433366568
0.044618678299119356,0.9190466935962721,0.018361714431392555,0.017972913673216025
0.056590216973092876,0.555747774729213,0.30240996100510475,0.08525204729258938
0.2264577165545698,0.04754310836833478,0.12199049809691181,0.6040086769801837
0.07437342003879717,0.26164565986873567,0.16444544410391126,0.49953547598855585
0.011368965235478595,0.00017733899119904114,0.9836492404766455,0.004804455296676829
0.2761563644250032,0.008785573141267882,0.0811559126424796,0.6339021497912494
0.008530547352542397,0.9181405261823439,0.013448879762266757,0.05988004670284688
0.014207928529504341,0.01851562005440398,0.9366065313198892,0.030669920096202286
0.02171333893890257,0.012534403688446332,0.868083232682654,0.09766902468999693
0.03940010547526968,0.7801319624095727,0.0887358691777697,0.09173206293738766
0.08312551493396553,0.8339211635947525,0.042943093032021276,0.04001022843926052
0.834069791254376,0.11951797056845978,0.025452259076615903,0.02095997910054844
0.9019977144035449,0.050905308242567955,0.030134732660603396,0.016962244693283616
0.04854951687708431,0.2777898572865931,0.5550249257081835,0.11863570012813927
0.3351145990785407,0.5292072758795986,0.07912564722746898,0.05655247781439163
0.005552446370057455,0.9767887906528756,0.0035387754869191704,0.014119987490147897
0.01682984225036318,0.0003509248634140459,0.057559775158590835,0.925259457727632
0.9896067940685976,0.0004702715871990728,0.0027847642703067083,0.007138170073896346
0.02240610817579152,0.945882249793526,0.015435567212112603,0.01627607481856957
0.9988010321043779,1.0854107537793579e-05,0.0005199619938685261,0.0006681517942159191
0.9935987487844975,0.0020819041633599973,0.003085546762892549,0.00123380028924982
0.026138709657161925,0.9574680215795545,0.006241636480179667,0.010151632283103765
0.025274304875378156,0.927589872814724,0.02296329122942459,0.0241725310804731
0.002948710927662971,0.978418974820969,0.0020675419559388025,0.016564772295429245
0.0251520292982527,0.9283238501116851,0.022663362487032067,0.023860758103030157
0.047518495088238,0.8738576110799046,0.03944095506326356,0.03918293876859401
0.9221641811855471,0.030830127189144584,0.03052687984493313,0.01647881178037498
0.9437329181131437,0.008748487705546287,0.022476132512328984,0.025042461668980814
0.011042984888267694,0.00903930924991565,0.9589965014124243,0.020921204449392324
0.04848814251036145,0.0006238653121501765,0.22109722883585825,0.7297907633416301
0.9979612262067656,3.1719022537545356e-05,0.0010856479399761372,0.0009214068307206806
0.025682794315478298,0.9250957116091426,0.023986132418808034,0.025235361656570813
0.01736890443552871,0.017544911414029366,0.9326956036439421,0.03239058050649995
0.05386806001708296,0.31111346439723503,0.49453505974664397,0.14048341583903812
0.06850929940184097,0.08131686303244086,0.07817383934846565,0.7719999982172524
0.7191248406333718,0.0007480787191504706,0.04077198966015583,0.23935509098732197
0.034563958032146055,0.8493836103561697,0.067615753000697,0.04843667861098724
0.14031149974302598,0.5368800707205197,0.18825208178559072,0.13455634775086375
0.9945227694777029,0.001245808303501908,0.003057945170522514,0.0011734770482725928
0.05868373209738792,0.7965638272230156,0.0662408062987661,0.07851163438083031
0.006982938869647858,0.9474877953927123,0.008149380860472894,0.03737988487716693
0.028239121962779123,0.00212309867319581,0.9529668352670877,0.016670944096937465
0.21624096696180045,0.6480381963496188,0.0759784954888342,0.059742341199746384
0.6364378838264352,0.06326282515582306,0.09662819507504496,0.203671095942697
0.5468424251134026,0.0003030192287654777,0.06886521534383339,0.3839893403139985
0.06816712393372888,0.8659269746242473,0.03383222283505114,0.03207367860697299
0.9442033475467222,2.5477905932106577e-05,0.027010922038844847,0.028760252508500696
0.003750037597319104,0.9813096467795038,0.0022366311640285193,0.012703684459148872
0.0065925608953007805,0.9051674464194627,0.012138397146725755,0.07610159553851072
0.05138690645062087,0.4915475629446763,0.3068581045862701,0.15020742601843276
0.8945767116759986,0.0495842112017601,0.013562703518609465,0.04227637360363186
0.03873889586619956,0.8174673433673595,0.06745947041281902,0.0763342903536219
0.0007117879618339857,0.0005885217445880733,0.002486172515985482,0.9962135177775928
0.0173426267453831,0.9550730084974133,0.011921444694196918,0.01566292006300689
0.03187957146344089,0.8561892164345806,0.05011886621433444,0.06181234588764454
0.018595175168981015,0.9503575081646585,0.013655343269596125,0.01739197339676454
0.0271981007916524,0.9023755723162877,0.029763103486536067,0.040663223405523925
0.8314306923040102,0.053462635649622475,0.023612536947728465,0.09149413509863893
0.4633965341331959,0.20698471997943443,0.10620737413736514,0.22341137175000444
0.0031704618431667776,0.9465706975131327,0.0035738955523979253,0.046684945091302506
0.014373673603509463,8.026066616671407e-06,0.004213256530120675,0.981405043799753
0.011525436971648364,0.6074239111816649,0.07773937053077601,0.3033112813159105
0.02233591622970566,0.0037848170554342173,0.044212027299418415,0.9296672394154416
0.0015235297414209676,0.00035160144864404156,0.9954843066460998,0.0026405621638351507
0.007982431584120908,0.956471675089834,0.0077484765405293156,0.02779741678551574
0.13139399302960705,0.7244939419641712,0.08707141688904083,0.05704064811718112
0.009522317133427011,0.00023120614220546685,0.09897975024026107,0.8912667264841064
0.8663833088481012,0.06853106324073316,0.041061770890104314,0.02402385702106095
0.11859500800974267,9.907907320456903e-05,0.02091903554535949,0.8603868773716933
0.9714157881506068,0.006371558908033662,0.010309900934185596,0.011902752007174009
0.017999626265320673,0.9443718064357226,0.015387963889920595,0.022240603409036094
0.02491560466323825,0.9195059168436941,0.025803248841647138,0.029775229651420397
0.03655580604490067,0.8418140864751591,0.06451224038019078,0.05711786709974946
0.6543465734320139,0.10443255746689,0.04451619718916422,0.1967046719119319
0.0032062180654637857,0.0008628024931677553,0.9908778643233792,0.0050531151179891215
0.43406550107410413,0.464006910686421,0.05080488326571078,0.051122704973764206
0.9703789941264157,0.0002704837561214187,0.023118568927037526,0.006231953190425582
0.050266927213447575,0.050775385882894014,0.8258661891322007,0.07309149777145775
0.9959028227320382,0.00042692597308980506,0.0023828754805542084,0.0012873758143176484
0.9429936513889807,0.0009418610420211364,0.041636699445108345,0.014427788123889918
0.07873902827997757,0.02412094200530972,0.7759110143819453,0.12122901533276706
0.027186165503838518,0.9059662911818137,0.03150019320429398,0.03534735011005381
0.685356412313147,0.2782586337448303,0.02195417911971104,0.014430774822311603
0.7862830742666933,0.0154714499867201,0.06502558706718002,0.1332198886794068
0.8122464716169361,0.0687209154423257,0.0498617187837179,0.06917089415702025
0.24447972221488326,0.7386927909581377,0.009476202876804028,0.007351283950175086
0.010362457780895194,0.9112545012270794,0.016734922486290178,0.061648118505735615
0.9813383972882381,6.935799015222255e-05,0.0021141151717446885,0.016478129549864884
0.8238873500049555,0.1197803294275434,0.0349521185253803,0.021380202042120988
0.9846986412305505,0.000307178654199981,0.0019881025732694175,0.013006077541980278
0.11930111529344826,0.6780593920582588,0.10624567632168352,0.09639381632660939
0.6057731952097437,0.11639486127313803,0.12125910167159527,0.15657284184552286
0.04915711414572343,0.8308318948292572,0.06215062340615994,0.05786036761885945
0.06371015646937234,0.06654603890994736,0.7814326291789041,0.08831117544177626
0.056651397640680515,0.9011313294234937,0.021072800830143745,0.021144472105681874
0.9617452951450358,0.004089979307229645,0.024833447461474707,0.009331278086260008
0.02302830667408555,0.9401968006987952,0.01788699315376755,0.018887899473351857
0.019930674220915132,0.8154412667330341,0.05871780620890448,0.10591025283714622
0.03798226540433342,0.9160968123218467,0.022913282520907585,0.023007639752912278
0.02555426050298526,0.008115694916881393,0.9387964907575704,0.027533553822562985
0.021385995291888418,0.9409227659606139,0.017358318885897242,0.020332919861600345
0.030072940305107116,0.8700473701193774,0.04512613243581903,0.05475355713969673
0.008250790424389188,0.007836613544462965,0.9662340740890336,0.017678521942114406
0.05237802723382816,0.6129950341845366,0.21398154703329447,0.12064539154834072
0.004324932715302535,0.9830852871604311,0.0022728904456247017,0.01031688967864156
0.01675253220181119,0.9670906783402129,0.007817497047763241,0.008339292410212822
0.02378243853442368,0.9361641921966161,0.019492341819483495,0.020561027449476625
0.025682418175156336,0.9216742553302828,0.025255080264456012,0.027388246230104593
0.7740400596304745,0.14417307418610592,0.050088331274772385,0.03169853490864738
0.1360289614977733,0.020187459265924634,0.7570621214799093,0.08672145775639278
0.07236993429125135,0.0490430986986022,0.7817734221653889,0.09681354484475743
0.11902702910928203,0.5418574668641706,0.25196861311480057,0.08714689091174697
0.9909328544995145,0.003729905764254356,0.0037540692123994956,0.0015831705238317387
0.008148017897213746,0.007660868213360375,0.9667566032819687,0.017434510607457192
0.752967156492689,0.0012257416288535647,0.21857030256760165,0.027236799310855767
0.018890560367141887,3.711602083942887e-05,0.9109129524301096,0.07015937118190907
0.02558508935824477,0.9079280249828872,0.030119198472556334,0.03636768718631207
0.010726585911726408,0.9774254083815478,0.002733326623886221,0.00911467908283949
0.012595317607971949,0.0009075132221711225,0.962590694980601,0.023906474189256018
0.9917031610616676,0.0026669320323264166,0.0033041997898939973,0.0023257071161121743
0.0025019308778705994,0.0003257744065663102,0.9940747273012036,0.0030975674143593653
0.08741507788677233,0.348816991159231,0.3772684081007946,0.1864995228532019
0.024498688405778433,0.9287093685184831,0.022376890371969525,0.024415052703768952
0.8890919937911842,0.002537553244667583,0.041437520529465574,0.06693293243468264
0.01553792128917612,0.0008087452574282875,0.9746509642313229,0.009002369222072438
0.027931956219915562,0.9101214486235802,0.030232751398285743,0.03171384375821843
0.01970750164533804,0.8740533143919941,0.0354602898249287,0.0707788941377392
0.6039597961877448,0.015378483080388554,0.09656185720528951,0.2840998635265772
0.698135859310312,0.1907448964524667,0.06689344622503472,0.044225798012186436
0.1884418214553842,0.004325121922691995,0.7631727831167666,0.04406027350515719
0.0057605024176015,0.952656358489324,0.006454961019085021,0.03512817807398975
0.6855008675338964,0.2544970346784975,0.03409834445736523,0.02590375333024072
0.9770452584897518,2.6453561558242e-05,0.00500489808310919,0.01792338986558088
0.050005583324014495,0.29087678536800243,0.5514017344170221,0.10771589689096084
0.019040318003192096,0.9579818664877422,0.01107319081332012,0.011904624695745833
0.001904339912967559,0.9638827225264356,0.0020114885327275982,0.032201449027869755
0.02763278671523181,0.8895413269901661,0.037159976235347676,0.04566591005925439
0.010348296567176766,0.9662063797778498,0.007217725391571164,0.016227598263402636
0.022207506297522894,0.9382928174767443,0.01844095523003328,0.021058720995699446
0.004559620792945906,0.9791503559583027,0.0018168021276345528,0.014473221121116568
0.02789191486645322,0.8957957088050914,0.035488649998681704,0.04082372632977365
0.01649756288964147,0.00022838781979034158,0.9753510347444033,0.00792301454616492
0.071536551019476,0.8521626123774249,0.03920140766552198,0.037099428937577374
0.039670652840068744,0.8495996511923717,0.06907583471858579,0.041653861248973745
0.00914024736131958,2.3829561727336007e-05,0.9890705804056861,0.001765342671267084
0.8538937842494965,0.0015238071439996031,0.050619208945688006,0.09396319966081576
0.4085854566423559,0.0329001141918632,0.1087734791673943,0.4497409499983866
0.053978733255481956,0.8464113862595234,0.04792148781009866,0.051688392674895965
0.013457266908872074,8.497952203446234e-05,0.9830328714749129,0.0034248820941807606
0.006413887722130985,1.086969359977427e-06,0.006209535394967032,0.9873754899135422
0.01904422861351524,0.03659670623721453,0.8994980520539035,0.04486101309536671
0.009418447271823813,0.8996221527559968,0.01709363874183302,0.07386576123034622
0.8607129369910426,0.002100573627659758,0.043614796455370544,0.09357169292592725
0.01842749147997138,0.9019654462437211,0.030759158915792298,0.04884790336051545
0.9585941377900629,0.0215753429757566,0.013488189703718578,0.0063423295304617325
