0.49982683440201836,0.016977799123756188,0.38996243515797585,0.09323293131624949
0.0023772402794545264,0.9328710038067705,0.05535888605054496,0.009392869863230516
0.06786414207562697,0.09273671024571489,0.8258486583555016,0.01355048932315662
0.11425398213988067,0.014497444388622337,0.11978143555900253,0.7514671379124945
0.9216267763667481,0.005483206843659675,0.02511232474622035,0.04777769204337197
0.05691950702664692,0.928520275106025,0.003910399020287864,0.010649818847040108
0.9293381447177712,0.005650242799857119,0.0290831812485227,0.035928431233848604
0.023408760150128112,0.9591774701207153,0.004597643495228295,0.012816126233928428
0.0052832441289185645,0.953158353492854,0.03875284437440617,0.0028055580038212104
0.9580839044728108,0.005765473747489767,0.013480110823164086,0.022670510956535293
0.9574325537388098,0.012313776524859477,0.009034180442962846,0.021219489293367973
0.8639127141558249,0.007160834383219049,0.048157170362359246,0.08076928109859685
0.002649879402425432,0.040642971397558236,0.9194627919817683,0.037244357218248224
0.9426220717029129,0.006019463181839009,0.026808314339512664,0.024550150775735483
0.1540547604642934,0.8302833746938499,0.004591278213426632,0.011070586628429925
0.008937907838913762,0.9724831561039559,0.013339130199038419,0.005239805858091988
0.027057070490113123,0.00607248794545665,0.5705187998298514,0.39635164173457865
0.02727865447887087,0.9628674468932796,0.004700175965755872,0.005153722662093383
0.04910835062334295,0.08332412673198476,0.8516938861320964,0.015873636512575978
0.9469618918828537,0.0053554085761307975,0.023322832771661937,0.024359866769353592
0.009045437373643557,0.01761182575609175,0.9526283104155989,0.020714426454665744
0.00959488013353428,0.9710082098242616,0.013035398756963626,0.006361511285240685
0.010751022128520188,0.7016357943554725,0.014844790841650081,0.27276839267435693
0.19009467925823645,0.0230208868457105,0.7698471367141662,0.01703729718188711
0.0037483366338550237,0.007715371691516001,0.9382925421245537,0.050243749550075247
0.134977170826998,0.019723242204551298,0.8169997200099963,0.02829986695845439
0.008034320583908362,0.940576577718755,0.04875037270846705,0.0026387289888695482
0.008628568416983042,0.00391372671175713,0.8205358345048842,0.16692187036637565
0.9271525936346562,0.03656482756183744,0.007816437334640304,0.02846614146886613
0.15312331102285162,0.004947978314779869,0.11345271533526181,0.7284759953271065
0.011658305062055768,0.9734718882051205,0.009492063296876968,0.005377743435946764
0.9318056586995939,0.00541228536698301,0.01984112241640355,0.04294093351701973
0.8646844100810275,0.11425310466838244,0.0034749240604243807,0.017587561190165434
0.034898819542239244,0.9508594712204498,0.003454822810399284,0.01078688642691172
0.01860336690517126,0.005845376329328611,0.6745492821457245,0.3010019746197756
0.012813628805351219,0.9682160282996553,0.008544883550275197,0.010425459344718531
0.03196971097476587,0.005885933328081898,0.5728544437131845,0.389289911983968
0.9517658597422565,0.0045293364917681316,0.01662151378749558,0.02708328997847997
0.01415331606011707,0.9621211978633675,0.018660491246606063,0.0050649948299095185
0.004675853385142451,0.8141973064372269,0.032252932813094416,0.14887390736453615
0.0069443936313231735,0.8633532000269984,0.021176066650777772,0.10852633969090089
0.46336596192759805,0.12571804302640652,0.3498777934694965,0.06103820157649911
0.02283601976219501,0.00540639412509593,0.6832013321065257,0.2885562540061833
0.0029550924184112396,0.8782933191862631,0.0558190272300709,0.06293256116525468
0.028748354690858468,0.8100495778039077,0.010626668929512513,0.1505753985757214
0.006484625811741821,0.003320475965705819,0.8770067804622103,0.1131881177603418
0.9609764092433377,0.004642070541691846,0.013035298378340368,0.021346221836629972
0.8698908827756977,0.09427101161997378,0.0070490822940016675,0.028789023310326976
0.03224334386392521,0.0194278978180896,0.8443910183705557,0.10393773994742968
0.476865062664536,0.4690649788430822,0.006675135191779283,0.047394823300602455
0.006412590488030912,0.9685103124031963,0.021943324785044186,0.0031337723237288223
0.013541434247929937,0.5375741638333993,0.0915012781618057,0.35738312375686493
0.3163618026003419,0.6610462834182684,0.0044197367863457815,0.01817217719504391
0.018240370203228086,0.8508133960638143,0.1256902923864433,0.005255941346514319
0.9605692279122633,0.005609307909795576,0.01250014026496109,0.02132132391298018
0.018907146046484583,0.9689579182723214,0.008242443741029778,0.0038924919401642946
0.9568886863939806,0.005089267800333523,0.015027126234532414,0.02299491957115354
0.7805629953552505,0.01375532792669535,0.17637238896232582,0.02930928775572837
0.012038446513087407,0.9356096167803044,0.011391405985336608,0.04096053072127158
0.0277145310973211,0.006109749725743481,0.6077275429763851,0.3584481762005501
0.2608694828166677,0.017909405041057654,0.6857909732639658,0.03543013887830891
0.7373411032054976,0.014078589496451388,0.1989693968479771,0.049610910450074076
0.9577478379196501,0.00863841042415301,0.011516290611955407,0.022097461044241484
0.0022746036253043144,0.9375235061845264,0.05247601261504463,0.0077258775751241696
0.010358936267132166,0.916137333877887,0.016899428356456116,0.056604301498524696
0.002834378558191451,0.9512683460957468,0.04178201477140344,0.004115260574658369
0.8905414356442086,0.08722783027841524,0.003989284878323987,0.01824144919905212
0.0019438002941463194,0.02137778358099545,0.8491982284693024,0.1274801876555554
0.001137486549977736,0.01668463537886799,0.8618093832332219,0.12036849483793226
0.010539987883422409,0.9740756121798466,0.011785725773703426,0.0035986741630276713
0.0036133268957661588,0.9411609468940928,0.03322824616705813,0.021997480043082985
0.0035544871858515037,0.8789037455154489,0.02764960624052118,0.08989216105817863
0.9599331033731536,0.004809400410929149,0.013412351485942801,0.021845144729974304
0.14588617828861697,0.8352925225743982,0.0033618944553371484,0.015459404681647602
0.06780718686950946,0.18533062966030817,0.7221073838812958,0.02475479958888663
0.011519288339734536,0.004667160811374563,0.8322437604896048,0.15156979035928594
0.9543551657413853,0.005357156770036878,0.01621673549801423,0.024070941990563727
0.007232113722969288,0.9454904806862303,0.04459635158507991,0.0026810540057204445
0.0008889840210333113,0.00688484124722892,0.9175486069953095,0.07467756773642828
0.9428058550890248,0.006508864801840715,0.02574051094928141,0.024944769159853216
0.046088404045365156,0.9414977493692192,0.004144109557422356,0.008269737027993204
0.026092706518019773,0.007109720031767545,0.6270393442970271,0.3397582291531856
0.050315748055228364,0.21825370479152964,0.03709254987689357,0.6943379972763482
0.001147600932864217,0.6986756871857335,0.24667595841878595,0.0535007534626164
0.3304325495116638,0.6372903950149561,0.015358415917542577,0.016918639555837615
0.018096539876700735,0.5999229051157596,0.37189070121320494,0.010089853794334684
0.043397494038469236,0.006826621693443022,0.3660674263386513,0.5837084579294364
0.7914437051357822,0.006938019937674184,0.04799708227586663,0.15362119265067703
0.9601825048313871,0.0066740835461264044,0.011555969302273145,0.021587442320213233
0.005057568519114393,0.9175558354881593,0.04928562256879239,0.02810097342393409
0.019280844755058594,0.9691944608008051,0.007859605378717115,0.0036650890654189292
0.7915068901684497,0.021949561575134356,0.1425682760049867,0.04397527225142922
0.015765428263881172,0.005529446024243349,0.6989074876667822,0.2797976380450933
0.13467339603751335,0.004028013910786964,0.07198260643526828,0.7893159836164312
0.8963824932223078,0.007392561933840719,0.04072026942557611,0.0555046754182755
0.8544675082452874,0.03563316766833482,0.021477547158674216,0.08842177692770362
0.016258481035580613,0.9520459387278595,0.010509754110888517,0.02118582612567106
0.03863172157654696,0.9473335611068978,0.008407521347590891,0.005627195968964517
0.01917967428810245,0.932458296401649,0.005844968852047229,0.042517060458201104
0.9602625757114692,0.005562641056295125,0.012493203498496554,0.02168157973373917
0.01944044093009022,0.9670343125568782,0.008903548066803827,0.004621698446227739
0.03363278666578247,0.9556387577998627,0.004310797654331978,0.006417657880022955
0.0013390214883067782,0.8777711243115829,0.08198317315748867,0.03890668104262188
0.3815786986290623,0.022415284884348963,0.5703091480895088,0.02569686839707969
0.8845013096275534,0.009653925755817867,0.0692633854024649,0.03658137921416372
0.009724038565428632,0.9441824407359106,0.038803851441959115,0.007289669256701493
0.002775134712647856,0.9452288747532139,0.0457829861290815,0.006213004405056585
0.0509852946145685,0.012072121203761176,0.663270647684248,0.2736719364974224
0.08700331360054976,0.14411812232617985,0.02969819361660521,0.7391803704566651
0.9555595920172338,0.0053334267235951105,0.01676949411416046,0.022337487145010618
0.032545889270788636,0.9528696210321106,0.007450175391214813,0.007134314305885667
0.007918563230198268,0.005564334023864986,0.7990296884217615,0.1874874143241753
0.004430245737227051,0.9544474447255856,0.03428462796012877,0.006837681577058383
0.013066788546280808,0.004877859674816044,0.7406542388589457,0.24140111291995725
0.19364745378834533,0.00483224572810566,0.08686414870416419,0.7146561517793849
0.005017827937856545,0.8797334618584479,0.019406812659128414,0.09584189754456701
0.0023988196918588948,0.9390157085257914,0.04767314435015296,0.010912327432196384
0.0071652067329728356,0.962466177652278,0.01622936711620967,0.01413924849853937
0.001179123475221315,0.014572827963853742,0.9320942701586381,0.052153778402286466
0.10977805578641717,0.8707394600255055,0.00311583299377053,0.016366651194306872
0.9587769603765638,0.00660402187637885,0.01232944555434659,0.022289572192710473
0.9592637112149823,0.004410240672523619,0.013916990710845031,0.022409057401648967
0.956289991245025,0.011936947320232682,0.010395800851885835,0.021377260582856328
0.025112144952631654,0.0075456576703046025,0.8849338326895914,0.08240836468747223
0.008003561410699397,0.0036384943092372807,0.8790525651471877,0.10930537913287582
0.1507431109875941,0.0186602621612324,0.8166027355770284,0.013993891274145279
0.0019477893366413872,0.880713569620181,0.07589163843327955,0.041447002609898316
0.7729502625516113,0.014508747156904069,0.11649532394868117,0.09604566634280341
0.001910527554493276,0.004208920945843437,0.912243221858324,0.08163732964133966
0.01640022259955325,0.03222619025639997,0.9110048907088005,0.04036869643524612
0.31855627230804123,0.019763581580609323,0.38915467972373907,0.2725254663876105
0.018626479992746577,0.9690210117536248,0.00858416786416671,0.0037683403894623363
0.9593684247844059,0.007711021225888583,0.01100665346170568,0.021913900527999828
0.9576339188197467,0.007694191999289089,0.01216096389393623,0.02251092528702789
0.14356468347260487,0.03386896524631461,0.7136856013469904,0.10888074993408998
0.010878801173561358,0.6823873941017915,0.012656469210267392,0.29407733551438
0.019958749650630665,0.010258763149577719,0.921478152110482,0.04830433508930947
0.896708616668076,0.08112886996019453,0.003991673987941298,0.018170839383788197
0.03922639313022969,0.9429326016818016,0.01086898561975483,0.0069720195682141
0.058202532128993116,0.9280192449207583,0.0032826111529507276,0.010495611797297905
0.8729691781732383,0.008822872455134469,0.07206235010353247,0.04614559926809481
0.008064558178305422,0.005278036434044614,0.8475760188678506,0.13908138651979948
0.576419389387115,0.40278470100296876,0.0029471481219623336,0.017848761487954008
0.9044533190122918,0.007093006494821842,0.024677125877089704,0.06377654861579675
0.04083660666283298,0.942012094331518,0.0031298761984058774,0.014021422807243023
0.004024728412565283,0.9637527017118289,0.02945067134932715,0.002771898526278329
0.011080750454926404,0.9707503060450018,0.01294198408748041,0.005226959412591495
0.8257391407309932,0.02014176376909026,0.04261963671734535,0.11149945878257117
0.9507061094688564,0.004192511549558321,0.015779976579414136,0.029321402402171133
0.10575944705074693,0.016462557723495995,0.0547827270539469,0.8229952681718101
0.9494470165193598,0.013152261076196674,0.01438135188611228,0.023019370518331434
0.0738154232643832,0.8774447025821428,0.00431730954115637,0.044422564612317555
0.024459895631376984,0.017246252126543862,0.1587740652794463,0.7995197869626328
0.03348844149601321,0.13791209458704942,0.04673005922796242,0.7818694046889749
0.029727404158379354,0.9464529412443784,0.011495004523233284,0.012324650074008884
0.11085688651583839,0.004885308460209004,0.10411782639341344,0.7801399786305393
0.4252353173792767,0.025041593881696467,0.3959961305661609,0.15372695817286583
0.01373802589871724,0.00846938196663315,0.9404191060054425,0.03737348612920699
0.03361482334317177,0.9412552647297817,0.0067976061704374795,0.018332305756608894
0.028781860127535554,0.9003690879846713,0.0073874768337625065,0.06346157505403072
0.9289829838977113,0.006070695947400664,0.025602449444436938,0.039343870710451076
0.9499016305906188,0.004320261240593688,0.016668130123872575,0.029109978044914695
0.41718490345833087,0.17274406703729392,0.03396926457597607,0.37610176492839914
0.9600238784770212,0.004471374032344385,0.013506462067015248,0.021998285423619424
0.13872311710902202,0.005876518625433102,0.07895144122435263,0.7764489230411922
0.40218431559587253,0.01864360744258337,0.5325976081069357,0.04657446885460843
0.9593518991303424,0.0047656402477337136,0.013552783704620161,0.022329676917303535
0.0029042740185863634,0.8754963857582975,0.06929598913960683,0.05230335108350934
0.03750959447267884,0.016790666365237118,0.15302841148285848,0.7926713276792254
0.9526831080641317,0.004394697761731083,0.015467068684410204,0.027455125489727172
0.014054850061736119,0.9558861779296576,0.012653349459101154,0.017405622549505173
0.8699640187929131,0.10760426486021026,0.003750845169130457,0.018680871177746163
0.0013461428389010743,0.004712843354247184,0.9246344893491021,0.06930652445774964
0.24785604488140914,0.020448026732671636,0.6379659695692639,0.09372995881665534
0.0291382723222278,0.959845997776492,0.00623601530705786,0.004779714594222039
0.002762849913918886,0.9437072298088808,0.048706516142443486,0.004823404134757195
0.9584398920082521,0.004624855953781869,0.014691864682332675,0.022243387355633606
0.015136102739061314,0.9725407037948349,0.009089436733375488,0.0032337567327282604
0.21723222723197688,0.011882923910398637,0.09307587202157241,0.677808976836052
0.8134408933982892,0.013331574459957418,0.03637557421950464,0.1368519579222486
0.022026790636877295,0.9670137684348871,0.007116933010660182,0.0038425079175755422
0.0008192226303277085,0.005956896693578481,0.9244142047435618,0.06880967593253172
0.667867005275541,0.30809733929161537,0.0038596093725231225,0.020176046060320526
0.003439018429142932,0.37892973392081913,0.5198480373161787,0.09778321033385959
0.08320723478117878,0.9028921345934342,0.0030131248694799232,0.010887505755906794
0.007316206601673714,0.919985624907398,0.016079968279409287,0.05661820021151891
0.06297586551135952,0.9155824856032229,0.0028338968511644343,0.018607752034253147
0.04340239876862666,0.01665815460867778,0.9159193424428848,0.0240201041798108
0.9605709069071915,0.004493142457518475,0.01326105622406193,0.021674894411227833
0.03018470738608971,0.010454236567387233,0.4409870618926567,0.518373994153866
0.0040077245227156805,0.9345929640944222,0.02485038945441924,0.036548921928442966
0.0179531985462453,0.7417602322293206,0.010802287087986999,0.22948428213644723
0.0012432977990226592,0.005244893551296193,0.9119204939528088,0.08159131469687238
0.11689530759386942,0.015927122652751133,0.6006784927871884,0.26649907696619096
0.7367693802139826,0.012328938458766075,0.05662934477702199,0.19427233655022932
0.00482185932914834,0.9675348529012713,0.02486925835000179,0.0027740294195786144
0.8531825110410329,0.006297080368421738,0.03991372065907245,0.10060668793147286
0.004020290388346083,0.00768968308957618,0.7963948754328402,0.1918951510892376
0.0011902298159440058,0.8533550755089758,0.11744547569799065,0.02800921897708952
0.21235058624812783,0.014689217659344032,0.7521331115607459,0.020827084531782225
0.003984673418635418,0.9582136117397707,0.030475802107048207,0.007325912734545532
0.026420110023431913,0.7632518639863407,0.011797411973552689,0.1985306140166748
0.8997686486241038,0.009501843769435813,0.061102116457058035,0.029627391149402445
0.03867870795520918,0.9509349467738545,0.0038241336968814215,0.0065622115740551264
0.9544588486360268,0.005915483323486799,0.01712638631467857,0.022499281725807563
0.04247842852140389,0.005940075655311525,0.45805883080292814,0.4935226650203564
0.02446802973354847,0.020317878517447603,0.12915684648065345,0.8260572452683507
0.03134176869851742,0.5135262220588102,0.44132375562310094,0.013808253619571066
0.009771167088922875,0.01697806161187855,0.46489668129076306,0.5083540900084352
0.9409076461777695,0.004526369454430175,0.018381797909146284,0.03618418645865381
0.015333163648069326,0.9715627412448843,0.00958754138609623,0.0035165537209501958
0.90644934256328,0.006546013755376636,0.03722135559768657,0.04978328808365686
0.9594851092977705,0.005972166146941819,0.012887252920713169,0.021655471634574586
0.9003126205037191,0.0057200201191174435,0.02738494773080161,0.06658241164636175
0.9117582379917953,0.009733595457432437,0.05148083013142598,0.027027336419346133
0.35874046879000837,0.016899574445871344,0.6024039714070543,0.02195598535706609
0.12735766242551327,0.01913381139519001,0.8288322734652258,0.024676252714071114
0.9328183820006468,0.004660552909271753,0.020713284450305916,0.0418077806397756
0.012422202609989328,0.8306026850819794,0.01052902548499272,0.14644608682303858
0.0035634881272428405,0.9621528380095951,0.031773554723976215,0.0025101191391860315
0.006825855403847953,0.9524224653759197,0.0384187684947441,0.0023329107254882494
0.031051930741674786,0.7109287757976167,0.014462067072534019,0.24355722638817465
0.7066614735454867,0.01678320699273325,0.08006039269080892,0.19649492677097105
0.02275860921236359,0.005210369783858584,0.689194506501626,0.28283651450215186
0.9502446020846431,0.004280635642137553,0.01696476550096291,0.0285099967722566
0.9479791456254005,0.004916565638055756,0.018558920899320697,0.02854536783722324
0.0111408403018094,0.2875996535375638,0.675273374724465,0.025986131436161918
0.1723656482947593,0.02602696908745136,0.785579186026556,0.0160281965912334
0.024140879934940584,0.965038688731837,0.006509871174026204,0.004310560159196309
0.004796151186283434,0.9690573241588604,0.023058724678301418,0.0030877999765552095
0.0036192655437855136,0.8639643581762749,0.028786340675960278,0.1036300356039792
0.9490944919845871,0.024112260169455432,0.006894619447408138,0.019898628398549265
0.012910256408908909,0.9699566740444201,0.009808856871952381,0.007324212674718516
0.015041409166113719,0.9622657121566358,0.008049329364314885,0.014643549312935444
0.06432984275565645,0.7818887469423843,0.018543867913929795,0.13523754238802954
0.4325809132492697,0.2896223902952836,0.027187838461850862,0.2506088579935957
0.003049016516403921,0.9558020474998196,0.03610172871606848,0.005047207267708399
0.9605078662673072,0.00624448752133622,0.011857821562877385,0.02138982464847938
0.16315641772433115,0.01673419153216597,0.7962700766295296,0.023839314113973036
0.0021926106848823824,0.9415254125195405,0.05036070359598236,0.00592127319959515
0.010767234062700814,0.7029253367508823,0.27532000582633137,0.010987423360085541
0.022198776838855242,0.005684910413691037,0.6455348912046337,0.3265814215428202
0.8934741230039946,0.008078607974824783,0.054381678841093496,0.04406559018008718
0.005341053769813972,0.007187714690992098,0.8837628586786375,0.10370837286055629
0.9572880961362835,0.006462967855281374,0.013858163153831557,0.02239077285460352
0.017412937031841328,0.9700745218246758,0.008067881798459567,0.004444659345023608
0.04469738914921658,0.9415331442570104,0.0029025653685522085,0.010866901225220472
0.011611008188962307,0.004536011695009118,0.7701439660456189,0.21370901407040951
0.007889998003897258,0.9705240203055755,0.014896729541875202,0.006689252148652196
0.9394794262065256,0.005052544723833196,0.02323810022048871,0.03222992884915228
0.03663504653167612,0.9413927914249436,0.01241068938979461,0.009561472653585616
0.007916303695402506,0.007539879229457779,0.7372572738571999,0.2472865432179398
0.020663315400631543,0.9675867182471914,0.007754776877131547,0.0039951894750452814
0.6648596072221002,0.007752019586009245,0.07265571685557541,0.254732656336315
0.03880112746470116,0.008407380485312506,0.9192646886893975,0.033526803360589094
0.915695773540852,0.058267974681548616,0.005083681029288715,0.02095257074831078
0.0035544272398015052,0.9551103908221353,0.034860476461081875,0.006474705476981203
0.6780119260793384,0.010934427463289051,0.08947593615495399,0.22157771030241857
0.009916921803075815,0.004611433126448843,0.8026448990408482,0.18282674602962684
0.013512669975685789,0.9700052580985553,0.011535773075498528,0.004946298850260597
0.9556828656981653,0.005348638637686763,0.01744161331143233,0.021526882352715597
0.021046503451977897,0.0072303933985900255,0.7500066320172915,0.2217164711321407
0.6272362205241188,0.023875146090075038,0.19523967957956512,0.15364895380624102
0.9609583546163138,0.004787715466107709,0.012858746316322358,0.02139518360125607
0.15664718819378134,0.0040625807018165256,0.07470014784140308,0.7645900832629989
0.13451970723213968,0.09803354398180834,0.09410427574789136,0.6733424730381607
0.7964045798238792,0.008680279407008195,0.049725200393363006,0.14518994037574948
0.9609971544999468,0.005322547536373283,0.012433952860945403,0.021246345102734827
0.06095284786325192,0.9263566630704809,0.0023279038608259315,0.010362585205441253
0.020414213457666062,0.9684226542084768,0.0074119157079399174,0.003751216625917132
0.04029891985160058,0.045470298503865456,0.25203365617005563,0.6621971254744782
0.0035954448780770596,0.005179096024594989,0.9153215954947841,0.07590386360254363
0.9337211566328509,0.008957470215623509,0.027342475807476334,0.029978897344049
0.9587567065101671,0.00480632382508619,0.013756991707405172,0.022679977957341765
0.05088200189777786,0.9311680397856074,0.0028118111926239663,0.015138147123990515
0.9421809723209832,0.006501179490071501,0.02475427267418382,0.026563575514761514
0.9395553792837263,0.006058206847156358,0.0238290562968984,0.03055735757221899
0.5558901358701855,0.007367720861863437,0.07616955402040271,0.3605725892475482
0.2582405368483272,0.021732898563074695,0.702436552774885,0.01759001181371292
0.5603102679520747,0.01909121067301065,0.37445368342120056,0.046144837953714095
0.002098663870922747,0.8556432814093703,0.046649871290346166,0.09560818342936095
0.9600486009139784,0.004902012999255186,0.013855773420605146,0.02119361266616137
0.9607709826040841,0.006155957862734992,0.011793466079808825,0.021279593453372377
0.010875187748254292,0.9505528978948479,0.027241457928393265,0.011330456428504542
0.0894777382671053,0.8970466266269644,0.0023986650408966996,0.011076970065033461
0.9415890228189429,0.005076187008519033,0.019432775529481278,0.03390201464305695
0.958962517161937,0.005063672453168891,0.013638637798851988,0.02233517258604207
0.016641835972505212,0.9712247204671554,0.0069310139441384104,0.005202429616201029
0.07056453989828478,0.9142085897497435,0.0076205630269425345,0.007606307325029244
0.05935500951373772,0.9244642356649393,0.003490994393735752,0.012689760427587234
0.02608330268459955,0.7020405521950965,0.2619397740034995,0.009936371116804243
0.005748338164672753,0.787256746356742,0.027401310764546192,0.1795936047140393
0.020502447712969375,0.024593592757606805,0.8957554410094436,0.05914851851998042
0.020075752055055095,0.7671174204965918,0.2056376619055212,0.007169165542831941
0.018297308312991176,0.9657669175502874,0.007927399916606912,0.008008374220114411
0.03349496877871001,0.5331331236990142,0.4216470628143354,0.011724844707940723
0.9480764270039124,0.004392212415508335,0.018105503318654133,0.02942585726192503
0.8707652601091181,0.006181147973724529,0.037747265387000246,0.08530632653015731
0.019482186206652374,0.005400096939696755,0.667661993412218,0.30745572344143285
0.007342147649858735,0.011860495450762235,0.7247350551949674,0.2560623017044118
0.0038904169146929987,0.9604196856500544,0.03102744741860684,0.004662450016645497
0.9607126830706765,0.004444285874471442,0.013204479810984623,0.021638551243867377
0.2350338022655777,0.006499127110657785,0.08719615294221951,0.671270917681545
0.43013972983029175,0.006821791764039424,0.07871648737186579,0.484321991033803
0.0055957288722729885,0.9655003896002918,0.026557051773869064,0.0023468297535657
0.022528393192844606,0.9666527360855088,0.006887043410683925,0.003931827310962636
0.0074431620203717005,0.9183147037595822,0.07104775532153751,0.003194378898508225
0.11685872622742818,0.006615468390884724,0.07475982124115392,0.8017659841405332
0.014546443270756935,0.4378309546159158,0.03112615052621653,0.5164964515871109
0.023542413604717295,0.007057487926156001,0.682350700442538,0.2870493980265887
0.8586099657223362,0.006992470128794484,0.037229886596213735,0.09716767755265576
0.024444374147934694,0.9474208682088929,0.021362476913811317,0.006772280729361034
0.006162884282296722,0.1311229617004366,0.8040922980983846,0.05862185591888223
0.0022388619411886,0.004957518306311189,0.9152089828570634,0.07759463689543715
0.0011713999294154743,0.27608537060403004,0.6187440209979724,0.1039992084685823
0.0163954398450563,0.9705737843195005,0.00970261243704097,0.003328163398402284
0.9402994677548308,0.02739904637920892,0.008108564685696571,0.024192921180263623
0.8927100236430157,0.08485072829098023,0.0040972905510266895,0.018341957514977626
0.00408818456389439,0.9492740384391803,0.04323266951151167,0.0034051074854131434
0.9213382806479372,0.05272445018182157,0.005734815871371606,0.02020245329886964
0.02470705045007688,0.962361385527525,0.004333150863779022,0.00859841315861881
0.016759868594861168,0.004375411719359745,0.7512259674249546,0.2276387522608244
0.9608356737522854,0.004947153924098876,0.012746841398570527,0.021470330925045127
0.008705149115835979,0.9578839717044275,0.020772495510614802,0.012638383669121974
0.9583365993192589,0.011578440025837551,0.009344809937761807,0.020740150717142004
0.8951567959592248,0.0830527545214308,0.003891760228804143,0.01789868929053998
0.0961734135724527,0.8897029340221486,0.0024302083111993468,0.011693444094199382
0.015717689161307263,0.9720270625783939,0.00893126233731188,0.0033239859229872415
0.033940157064123025,0.9180333914644311,0.008598196432112747,0.039428255039333025
0.010483022504833477,0.684889973321496,0.02441069063348287,0.280216313540188
0.05947039232873417,0.9263284680889676,0.0030840156969997837,0.011117123885298237
0.8732663450070732,0.012986043949033094,0.08007043232659779,0.03367717871729586
0.6867477795938851,0.2766234449269843,0.004895222555053751,0.031733552924076806
0.03615203044034555,0.0074859357215741424,0.6326898187612041,0.32367221507687605
0.01357032762175578,0.0053523790363713495,0.718891647415049,0.2621856459268238
0.9391521447996037,0.005818761793858677,0.027358152082443882,0.02767094132409365
0.03354245773125333,0.95533055422094,0.004837385875513658,0.006289602172292719
0.009370443102849402,0.01001968227816506,0.9479881205413273,0.032621754077658445
0.06367939190991682,0.04341460112566118,0.880984312324193,0.011921694640229113
0.03298364820618565,0.6099640137940676,0.018061603305763542,0.33899073469398355
0.9233252210299234,0.006326772993945338,0.03262897301843775,0.037719032957693674
0.007149932290009618,0.9700535830843123,0.019332819332088507,0.003463665293589063
0.21691369415351652,0.7498675282777882,0.017010558159960592,0.01620821940873471
0.9546866609951874,0.011576285151331465,0.011954128752530232,0.021782925100950694
0.012152421898335675,0.7088016876540161,0.014325495484351814,0.2647203949632965
0.002373420238985289,0.9287804322219232,0.04694741919997549,0.021898728339115794
0.3359247323468508,0.021277660601386243,0.6185018886799126,0.02429571837185026
0.011334911014514216,0.9160559705919795,0.0692633069093295,0.0033458114841770563
0.7920274250123676,0.17448835724531633,0.007189228270857739,0.026294989471458315
0.8840059309334101,0.006502407163815535,0.038013059644973646,0.07147860225780057
0.019084153436018318,0.9662355825420909,0.009639395063185695,0.00504086895870515
0.9427540929861248,0.00491188578248672,0.023101494793459663,0.02923252643792887
0.011934136798564471,0.9741144793557756,0.010704460910742706,0.0032469229349169444
0.003455647694994544,0.900705542383608,0.026992061183303807,0.06884674873809368
0.22332340826833663,0.022310108579267716,0.7279064060567195,0.026460077095675927
0.9584559995360997,0.004795966062267392,0.01377471643344819,0.022973317968184966
0.01395263741538079,0.5104399279800155,0.021958245686698234,0.45364918891790545
0.05618285406041152,0.008115651956720205,0.11103045174868087,0.8246710422341874
0.008626817716720714,0.9653023709754306,0.02102281984326834,0.0050479914645800905
0.0023188267839459975,0.9439192202653116,0.046826044788836355,0.00693590816190638
0.03873275090937895,0.9473333619199099,0.0036328733897339027,0.010301013780977177
0.038527039820747025,0.9493312738314666,0.004645782630263259,0.007495903717523069
0.8855334304813206,0.012553158139907322,0.026857796872581143,0.07505561450619104
0.9438549496189429,0.011831648092857314,0.019259862118401354,0.025053540169798542
0.013075912704144054,0.9735100481481582,0.010200092303522215,0.003213946844175328
0.14238230436484814,0.0038782207565862675,0.07185708828917832,0.7818823865893872
0.0014943809630539747,0.2262354994756678,0.6276930428726669,0.14457707668861153
0.030440195572793163,0.006053172316707595,0.5687115751794452,0.3947950569310541
0.00391308055494511,0.004705445320281985,0.9091957920026593,0.08218568212211376
0.03989698075562558,0.9471487611338261,0.002821716157193701,0.010132541953354328
0.04111908213393059,0.4061017727241411,0.18842782109138892,0.3643513240505393
0.011692369876560025,0.00430072300233706,0.8784234128310807,0.10558349429002219
0.5047454568630163,0.463946188307004,0.007002942474419759,0.024305412355559705
0.12384912211199461,0.003951502852979589,0.07280933767433266,0.799390037360693
0.8662026323458181,0.10848682570852593,0.004347468239533439,0.020963073706122524
0.004792912711849115,0.9624168865113755,0.027715930832595173,0.00507426994418067
0.002295822508143516,0.9188188597573853,0.06090294602880613,0.01798237170566507
0.017840213923382656,0.4924255875324719,0.02268183119727635,0.4670523673468688
0.1426001684905385,0.6493838905809839,0.014564246949856596,0.1934516939786209
0.00247950021326312,0.005761415956976371,0.9194957693643807,0.07226331446537972
0.07490797464534374,0.9086726223865934,0.0024436987660959968,0.013975704201966975
0.7020078008262557,0.010903750342276893,0.0989523481246104,0.18813610070685668
0.003713424560821031,0.020592113303286946,0.7643519846977112,0.21134247743818105
0.9603710678487769,0.004827346493463038,0.013287657264846344,0.021513928392913575
0.9364205991453807,0.005101385342960361,0.023423605878051788,0.03505440963360701
0.0029008311256335647,0.014631309128665955,0.775652334912658,0.20681552483304272
0.014172836437092148,0.9674518795121583,0.007790582934370652,0.010584701116379165
0.8119735274604565,0.16710558100338752,0.003189044332810962,0.01773184720334506
0.9594659851907192,0.004382021959539336,0.01448551912058832,0.02166647372915284
0.9457898256642278,0.018636381706115163,0.010029523634991568,0.025544268994665404
0.8803594807047483,0.09105538888939273,0.005451023203098301,0.023134107202760504
0.000819882550432085,0.8566300720776434,0.10934223280319565,0.03320781256872827
0.9599869291239747,0.004467643356106492,0.014446730202145696,0.021098697317773137
0.8332356830994773,0.14400580720283807,0.0038552452984728478,0.018903264399211635
0.9588098955224154,0.00683864593650866,0.011652904438615328,0.02269855410246058
0.10143492267523373,0.2276594571916785,0.6552271555418598,0.015678464591228163
0.8773692554344292,0.0135914383253969,0.07792561385738157,0.031113692382792414
0.011499856032259682,0.9299296689318357,0.05312948163854223,0.005440993397362562
0.0032177777735103133,0.006064961639382492,0.9383185637204187,0.05239869686668829
0.10264811227239246,0.8814060946530325,0.0030801549867690995,0.01286563808780592
0.8587667543514739,0.008892155493653076,0.048785995141779386,0.08355509501309359
0.009098446813622568,0.9617913055755503,0.014553465422747365,0.01455678218807962
0.0018741921911248774,0.8795506516642462,0.09288580238444503,0.02568935376018397
0.031384631976762514,0.9574178480259936,0.0035099277845629735,0.007687592212680949
0.002695434291922375,0.010686758944289164,0.8872143611206327,0.09940344564315562
0.029687889811979836,0.958059439524328,0.006241835906087152,0.006010834757604697
0.04178808330216392,0.9444929462286781,0.008111547313019869,0.005607423156138456
0.014543161854901,0.085112762631879,0.8836718346320738,0.016672240881146477
0.0014323529063398047,0.8219387038446716,0.14365485810846318,0.032974085140525404
0.014297221067435275,0.9725585222609047,0.009747654240443148,0.003396602431216879
0.017533427452742254,0.9699192990758756,0.008525371594915376,0.004021901876466955
0.031702463491097836,0.9334015342164208,0.026592565369631498,0.008303436922849896
0.005916525923973033,0.9484020925752172,0.04318372924036602,0.0024976522604432828
0.761924674319399,0.2136035367149431,0.004228500815404315,0.02024328815025351
0.014857940880927368,0.005460768096184192,0.7017565125789221,0.27792477844396646
0.043623968108031104,0.010616392550496496,0.8465394587900856,0.09922018055138672
0.02251106625969501,0.8657865581893458,0.10619735733409838,0.005505018216861065
0.8746905218142726,0.1042052140348566,0.0035486860374182258,0.017555578113452666
0.00188538820438276,0.01627123102836129,0.9430513908678426,0.03879198989941376
0.8371374877972788,0.008216051017653337,0.05216246977071354,0.10248399141435453
0.18912780546973337,0.016299846071909232,0.7165879609580827,0.0779843875002748
0.0180972427316723,0.9572439532668613,0.009072881161458605,0.015585922840007895
0.05357992341582619,0.9170536245621708,0.004632756919357821,0.02473369510264527
0.0005409730773114969,0.006356156125545072,0.931956754940243,0.0611461158569004
0.9602283434110824,0.006043778639959227,0.012235944179783317,0.021491933769174815
0.004441277705709065,0.004764499289238975,0.9110674398131586,0.0797267831918932
0.017386011327993018,0.2510907183022548,0.07226143601176184,0.6592618343579904
0.032560457296897764,0.9538974459009802,0.0036045888389106295,0.009937507963211314
0.9348936326751066,0.005019819342168706,0.020284558117024475,0.03980198986570019
0.044962992197301425,0.05960389790733334,0.8826057411485891,0.012827368746776095
0.008994486602645803,0.9559594498147048,0.03232893612347441,0.002717127459174967
0.001939178509508915,0.8614285414866242,0.08430712533702547,0.05232515466684157
0.9111386660211406,0.007887550870725556,0.05435960419462377,0.026614178913510183
0.7674394750719475,0.210390147353948,0.003579916011626073,0.018590461562478233
0.06457841560067346,0.006058095614729789,0.3726778874045068,0.5566856013800898
0.004389639390819354,0.9663334854785044,0.025333387382987755,0.003943487747688071
0.9465639227665519,0.006074086068164533,0.022976270426687245,0.02438572073859599
0.9523244689886706,0.005158370998154915,0.019656946795017984,0.02286021321815625
0.0012791234973363076,0.04782115780422,0.8138627069591086,0.13703701173933497
0.004055708913630728,0.95759657932341,0.03542571351580534,0.002921998247153839
0.001746824386051355,0.9106267353688964,0.0653452345449199,0.02228120570013249
0.018263910657040573,0.9578570045879484,0.006941711071398933,0.01693737368361191
0.0012277673525424816,0.878718033484585,0.09855817013711247,0.021496029025760515
0.008306747946247266,0.8399413913595984,0.017614940258897885,0.13413692043525616
0.04807523807950107,0.9313809828342279,0.0037312585714264247,0.01681252051484504
0.011265696010419336,0.941356780507686,0.020931432630544037,0.02644609085135085
0.0032923434405489837,0.00437613439121641,0.9147207648701763,0.0776107572980584
0.008570213104257225,0.9529485857893308,0.035627201358125984,0.0028539997482858867
0.032940443872398806,0.9555102803586424,0.0046128018661116725,0.006936473902847079
0.001758658624722782,0.004720457072597814,0.9044267449721138,0.08909413933056524
0.9271602668259854,0.00494415993294706,0.02325874486931645,0.044636828371751106
0.9006229104974123,0.00679754871304309,0.02839854906503646,0.06418099172450814
0.01664931601862221,0.6101358626499662,0.030254802719274207,0.34296001861213754
0.010681724542200411,0.004441572790224555,0.8864054553709473,0.09847124729662775
0.12266066390863103,0.004565295434651625,0.11804656389207714,0.75472747676464
0.014205620311267039,0.06640436508755306,0.9055878679555186,0.013802146645661303
0.004619375951636179,0.8025708413148781,0.02945815319258473,0.16335162954090107
0.9293301451861398,0.005467600077682385,0.024297933328911725,0.040904321407266415
0.005960703975513615,0.9634569405676592,0.027690534087928854,0.002891821368898051
0.9592172168038725,0.005933369544202471,0.0132525887063726,0.02159682494555256
